(-6.304742, 3.3077)
(-7.509690649536021, 4.183485546983683)
(-10.37892025091501, 6.5619099572958905)
(-14.630876265687444, 10.189729018905961)
(-19.9840041554038, 14.813698519783234)
(-26.156749381614553, 20.180574247897045)
(-32.86755740587018, 26.037111991216733)
(-39.83487368972116, 32.13006753771163)
(-46.77714369471798, 38.20619667535109)
(-53.41281288241109, 44.01225519210444)
(-59.46032671435099, 49.29499887594103)
(-64.63813065208815, 53.801183514830164)
(-68.66467015717306, 57.27756489674121)
(-71.31273369267052, 59.51883241166562)
(-72.81436161152808, 60.724761600600374)
(-73.63236243925112, 61.29867858942944)
(-74.23128822980208, 61.64544739478336)
(-75.0756910371433, 62.16993203329267)
(-76.63012291523718, 63.27699652158793)
(-79.33127857794169, 65.3469844223069)
(-83.25625265324032, 68.44371383914415)
(-88.2319478388721, 72.4107801376604)
(-94.0801978284304, 77.08731686895452)
(-100.62283631550865, 82.31245758412544)
(-107.68169699370017, 87.92533583427212)
(-115.07485673569035, 93.76299140026605)
(-122.5407756661857, 99.6180916585968)
(-129.74189616461024, 105.24093739556395)
(-136.33762407287992, 110.38013705918841)
(-141.98736523291078, 114.78429909749114)
(-146.35052548661884, 118.20203195849305)
(-149.09692386288256, 120.3896470463113)
(-150.30806061257118, 121.40798908325185)
(-150.6042323152272, 121.7164670812561)
(-150.6421502190075, 121.8014271076167)
(-151.07852557206903, 122.1492152296264)
(-152.57006962256864, 123.24617751457791)
(-155.7687183934983, 125.57517169130986)
(-160.8760283189164, 129.29004975914836)
(-167.28017001705695, 133.95047916668474)
(-174.28388604521413, 139.0537215115328)
(-181.1899189606822, 144.09703839130628)
(-187.30101132075538, 148.577691403619)
(-191.9207157153428, 151.99353090952334)
(-194.67880049391164, 154.07951366406138)
(-196.0293200910515, 155.16971984146224)
(-196.55452519898745, 155.69140767826627)
(-196.83666650994456, 156.07183541101355)
(-197.45799471614802, 156.73826127624437)
(-199.00075442772814, 158.1179390816424)
(-201.8957881366687, 160.52787472078774)
(-206.0293666019071, 163.88852813147673)
(-211.16536664989493, 168.03123450265346)
(-217.0676651070837, 172.78732902326206)
(-223.500138799925, 177.98814688224664)
(-230.22666455487024, 183.46502326855133)
(-237.009301803388, 189.0432356867556)
(-243.60071585503334, 194.51674944680536)
(-249.75054569452476, 199.66944260693978)
(-255.2084288436495, 204.28518834920087)
(-259.72400282419477, 208.14785985563057)
(-263.0469051579478, 211.04133030827097)
(-264.99376944071827, 212.8045959790084)
(-265.88549307364735, 213.69155176553764)
(-266.2726050423243, 214.14502904646363)
(-266.706797357952, 214.60881611564847)
(-267.7397620317333, 215.5267012669541)
(-269.92319107487094, 217.34247279424264)
(-273.7497396181358, 220.45198655995947)
(-279.0431269259603, 224.70798499812153)
(-285.20360704573824, 229.619396348561)
(-291.6247316906528, 234.68970718189343)
(-297.70005257388726, 239.4224040687347)
(-302.8231214086248, 243.32097357970048)
(-306.41900154680303, 245.91696978073085)
(-308.4841701388568, 247.25090643492553)
(-309.51242741503705, 247.80626421440834)
(-310.01417745667027, 248.0813128829164)
(-310.4998243450831, 248.57432220418696)
(-311.4797721616021, 249.78356194195723)
(-313.4552176381436, 252.19628017397324)
(-316.62983852075075, 255.94357895890937)
(-320.8525419001207, 260.73188104896053)
(-325.9514658911415, 266.24274762981406)
(-331.7547486087013, 272.15773988715733)
(-338.09052816768803, 278.1584190066776)
(-344.7863776987146, 283.92749131459055)
(-351.6301356629651, 289.22819950301795)
(-358.3444390387394, 293.95594013773103)
(-364.64587148571496, 298.0183789763827)
(-370.251016663569, 301.3231817766254)
(-374.87645823197875, 303.77801429611196)
(-378.2396782151889, 305.29117022178235)
(-380.2709810802506, 305.9196996026377)
(-381.38699214170623, 306.06057584873696)
(-382.0719568245887, 306.15803675403566)
(-382.8101205539307, 306.65632011248965)
(-384.085728754765, 307.9996637180548)
(-386.38297617707656, 310.63225091572906)
(-390.0117885649156, 314.81101775264983)
(-394.71801331475996, 320.18681346322614)
(-400.1335757044472, 326.2880810698871)
(-405.8904010118147, 332.643263595062)
(-411.62041451469963, 338.78080406117994)
(-416.9555414909395, 344.2291454906698)
(-421.60605398621135, 348.61388231506163)
(-425.6460179850554, 352.01172002965035)
(-429.2550129632999, 354.6302027672452)
(-432.6126295654271, 356.67688850998775)
(-435.8984584359185, 358.35933524001933)
(-439.29209021925624, 359.8851009394815)
(-442.94345945646626, 361.45225540754734)
(-446.8031335223024, 363.1950828501724)
(-450.73952570071157, 365.22158306793426)
(-454.62079330495703, 367.63967396607)
(-458.31509364830214, 370.5572734498171)
(-461.6905840440105, 374.08229942441295)
(-464.62458481506485, 378.2982622638967)
(-467.0860236665417, 383.0446575365964)
(-469.0965420355243, 388.02056711513063)
(-470.6784128828891, 392.9233906806606)
(-471.85390916951235, 397.45052791434756)
(-472.6453038562704, 401.29937849735245)
(-473.0788734912215, 404.18554793215617)
(-473.2435774351553, 406.10968411860125)
(-473.2780894941599, 407.2985052946957)
(-473.3224496262333, 407.9849421065809)
(-473.5166977893738, 408.4019252003982)
(-474.00087394157936, 408.782385222289)
(-474.90486499005215, 409.35534535851355)
(-476.085931074108, 410.24490681873687)
(-477.1050287803979, 411.4611366894934)
(-477.508215989836, 413.00836820489087)
(-476.8415505833367, 414.890934599037)
(-474.6510904418139, 417.1131691060395)
(-470.4913496808916, 419.6781321259692)
(-464.37602051073145, 422.5197684858591)
(-457.0041106870543, 425.4688691881008)
(-449.1305975742781, 428.3478006790719)
(-441.51045853682064, 430.97892940515004)
(-434.89867093910016, 433.18462181271275)
(-430.04732760284486, 434.7877794252746)
(-427.2642689406908, 435.6937117362209)
(-425.9378799885445, 435.9782854479304)
(-425.34254534180354, 435.7385141258586)
(-424.75264959586525, 435.0714113354615)
(-423.44257734612694, 434.0739906421947)
(-420.6869412746, 432.8432535456147)
(-416.01600813773985, 431.4626773131441)
(-409.7056452354193, 429.9762965596669)
(-402.1669077159386, 428.4209943932983)
(-393.8108507275975, 426.8336539221537)
(-385.0485294186961, 425.25115825434847)
(-376.2909989375345, 423.7103904979979)
(-367.8981554686544, 422.2411206038494)
(-360.0163624385772, 420.84342886517067)
(-352.7362800028659, 419.5096505760517)
(-346.14856816468995, 418.23212100939367)
(-340.34388692721876, 417.0031754380978)
(-335.4128962936214, 415.81514913506516)
(-331.4068870016849, 414.65962711661484)
(-328.14021944182815, 413.5236792385492)
(-325.33904377110173, 412.3926943421139)
(-322.7293614370875, 411.25205843461146)
(-320.03717388736743, 410.0871575233443)
(-316.98848256952357, 408.883377615615)
(-313.3345944805295, 407.62122020130863)
(-309.05102112899317, 406.23791045865136)
(-304.23041260010837, 404.64806329139003)
(-298.9664388738644, 402.76609674155486)
(-293.3527699302503, 400.50642885117605)
(-287.4830757492553, 397.78347766228393)
(-281.4493765426571, 394.5195067073806)
(-275.3212191631916, 390.7436518195817)
(-269.1519162807457, 386.562250663132)
(-262.9944201504834, 382.0833548583665)
(-256.90168302756894, 377.41501602562033)
(-250.92665716716635, 372.6652857852285)
(-245.1232256936307, 367.9417095013711)
(-239.56632938953547, 363.34038026417124)
(-234.35177279525945, 358.9460443430485)
(-229.57625253924942, 354.84296284250365)
(-225.33646524995208, 351.11539686703765)
(-221.72910755581435, 347.84760752115136)
(-218.84718011631935, 345.12102000866696)
(-216.62442674722064, 342.89486245986393)
(-214.77821991250002, 340.9623422214519)
(-213.01047580263943, 339.1048071096781)
(-211.02311060812067, 337.1036049407897)
(-208.51804051942565, 334.7400835310337)
(-205.1985400502, 331.7965450238159)
(-200.91368738232057, 328.15772992486444)
(-195.78626521522682, 323.90067734857445)
(-189.96922087488275, 319.1236193942551)
(-183.61550168725228, 313.92478816121576)
(-176.87805497829942, 308.40241574876546)
(-169.90986304107923, 302.6547758534381)
(-162.88200923746058, 296.80167539627365)
(-156.01321296483988, 291.01958963420833)
(-149.52993691250072, 285.4942053267881)
(-143.65864376972635, 280.4112092335591)
(-138.6257962258003, 275.9562881140671)
(-134.65785589779838, 272.3151279908697)
(-131.8627111105145, 269.5919128071217)
(-129.90327010274984, 267.58496671577274)
(-128.33807671592464, 266.0208783613923)
(-126.72567479145917, 264.6262363885499)
(-124.62460817077373, 263.12762944181486)
(-121.59342069528859, 261.2516461657568)
(-117.29700510926848, 258.78218572152974)
(-111.97422837255043, 255.81245707904782)
(-106.0567254649278, 252.53955024986453)
(-99.97627383046422, 249.16063201831352)
(-94.16465091322344, 245.87286916872827)
(-89.0536341572691, 242.8734284854425)
(-85.01177002729007, 240.34043687785146)
(-81.90929874181566, 238.30197315074062)
(-79.38038787165796, 236.7150308001857)
(-77.05778972534033, 235.53617716379955)
(-74.57425661138574, 234.72197957919485)
(-71.56254083831756, 234.2290053839844)
(-67.69014083775373, 234.0175241667138)
(-63.039054561116465, 234.0919710543306)
(-57.96380801731901, 234.4858194423779)
(-52.823704501039565, 235.23305175327994)
(-47.978047306955375, 236.3676504094612)
(-43.786139729744626, 237.92359783334598)
(-40.58960717670703, 239.93150503332623)
(-38.389287601511825, 242.35699020622548)
(-36.87821698359804, 245.1069695177384)
(-35.738371951048606, 248.08624996454185)
(-34.651729131946134, 251.199638543313)
(-33.30026515437351, 254.3519422507286)
(-31.37424372701947, 257.45196573052306)
(-28.853581714629208, 260.5482408888963)
(-26.076670857067786, 263.86222615439493)
(-23.404150694898995, 267.62611218555264)
(-21.196660768686606, 272.0720896409032)
(-19.814840618994072, 277.4323491789812)
(-19.616043350617065, 283.9354995046739)
(-20.698917054470026, 291.5281814302562)
(-22.72106151808667, 299.67632818997976)
(-25.297035478637135, 307.79896169587397)
(-28.04139767329112, 315.315103859967)
(-30.56870683921883, 321.6437765942885)
(-32.494160762172264, 326.20520252288935)
(-33.61748566549133, 328.76631580271925)
(-34.17729648213539, 329.9186810881891)
(-34.47604740112002, 330.3738109756948)
(-34.81619261146067, 330.8432180616318)
(-35.500186302172914, 332.03841494239595)
(-36.83046693345301, 334.6708755249431)
(-39.00791453008936, 339.2022622757907)
(-41.890561533326874, 345.25090792373777)
(-45.2641665526165, 352.2573674487045)
(-48.91448819740856, 359.6621958306098)
(-52.62728507715405, 366.905948049374)
(-56.18831580130343, 373.4291790849164)
(-59.41299974624612, 378.7868271800822)
(-62.26050397243495, 383.08817663272686)
(-64.73348249215039, 386.61021406125036)
(-66.83459871897773, 389.6299623390788)
(-68.5665160665018, 392.42444433963794)
(-69.9318979483079, 395.27068293635375)
(-70.94068027067303, 398.40344766666857)
(-71.65393395850617, 401.76041253087834)
(-72.154664731032, 405.151809911502)
(-72.52596235207567, 408.3873838901576)
(-72.85091658546217, 411.2768785484627)
(-73.21261719501666, 413.6300379680354)
(-73.68244123003629, 415.28733354775216)
(-74.2087245567684, 416.4120248376443)
(-74.66623736004101, 417.3603647392795)
(-74.92876039553916, 418.4912018380107)
(-74.8700744189478, 420.16338471919096)
(-74.3639601859519, 422.7357619681732)
(-73.29134677500252, 426.54731946354406)
(-71.65173615468407, 431.6075701957339)
(-69.54223760301296, 437.65481033565055)
(-67.06286577737495, 444.4192630138044)
(-64.31363533515552, 451.63115136070707)
(-61.394560933740586, 459.02069850686865)
(-58.4036472977227, 466.32329328616777)
(-55.380884263068204, 473.4234278789064)
(-52.30082828772225, 480.3737639794856)
(-49.13453546094865, 487.2359595364828)
(-45.85306187201067, 494.0716724984769)
(-42.42746361017214, 500.94256081404535)
(-38.82985321403587, 507.90840669336814)
(-35.095730182580134, 514.9164480426922)
(-31.358843803363467, 521.7394790971723)
(-27.76139495866174, 528.1352881847702)
(-24.44558453075013, 533.8616636334497)
(-21.553613401904485, 538.6763937711728)
(-19.227203154556676, 542.3381895827771)
(-17.521229594619268, 544.7729410200708)
(-16.303597493504366, 546.2664591001577)
(-15.417933647658133, 547.1512901787806)
(-14.70786485352651, 547.7599806116821)
(-14.017017907555575, 548.4250767546049)
(-13.18904260833661, 549.4790689512632)
(-12.105735210561212, 551.1615579319051)
(-10.764860691960026, 553.4297514876026)
(-9.186140787136281, 556.1873909837788)
(-7.389297230693476, 559.3382177858556)
(-5.3940517572347915, 562.7859732592563)
(-3.2201261013637703, 566.4343987694032)
(-0.8848987065575067, 570.2211115423481)
(1.6044581991494145, 574.2312752733169)
(4.243550386708862, 578.5902138857853)
(7.027983685395841, 583.4232521463856)
(9.95336392448587, 588.8557148217513)
(13.015296933253934, 595.0129266785146)
(16.19914831946348, 601.967122577751)
(19.42588181776357, 609.456649157772)
(22.591485902549735, 617.0903700953542)
(25.591894167029707, 624.47686453856)
(28.32304020441183, 631.2247116354531)
(30.68085760790388, 636.942490534096)
(32.57833483590715, 641.2908870496743)
(34.08696937615653, 644.4148697597338)
(35.36434800971441, 646.7224304964417)
(36.56891393883807, 648.624177662287)
(37.85911036578456, 650.5307196597594)
(39.39338049281116, 652.8526648913476)
(41.32155677211017, 655.9795957308451)
(43.66956278428644, 659.9985295640821)
(46.37039869057374, 664.7695801427652)
(49.35481231350964, 670.1473613797128)
(52.55355147563122, 675.9864871877425)
(55.89736399947613, 682.1415714796724)
(59.31869463855182, 688.4700181314805)
(62.79103861783702, 694.8967230415722)
(66.3300968634367, 701.4159734703733)
(69.9534983341462, 708.025226601113)
(73.67887198876012, 714.7219396170191)
(77.5238467860738, 721.5035697013203)
(81.50462094367957, 728.3657535569669)
(85.56996418705371, 735.2183316298051)
(89.57353561190948, 741.850125256571)
(93.3618209796226, 748.0408283974602)
(96.78130605156815, 753.5701350126677)
(99.67847658912183, 758.2177390623887)
(101.90097033377646, 761.7650929157617)
(103.4382972828272, 764.2102060158365)
(104.55684995897728, 765.9737276599479)
(105.55502150887743, 767.5251536337465)
(106.73120507917866, 769.3339797228837)
(108.3837938165317, 771.8697017130099)
(110.81098249730823, 775.601465785575)
(114.17503358232625, 780.7588534613649)
(118.26554157442948, 786.9146629750971)
(122.80880524486822, 793.5301413060073)
(127.53112336489345, 800.0665354333319)
(132.1587947057554, 805.9850923363063)
(136.418118058589, 810.7470590553103)
(140.09232531987004, 813.9887536761304)
(143.18758691098188, 816.0320370875102)
(145.76463453366156, 817.3665477890049)
(147.8841998896465, 818.4819242801706)
(149.60701468067387, 819.8678050605628)
(150.993810608481, 822.0138286297373)
(152.10001525637588, 825.310898040687)
(152.95116006844194, 829.5934037616549)
(153.5623114810932, 834.5009315597265)
(153.94852480720118, 839.6728601387473)
(154.12485535963748, 844.7485682025638)
(154.10635845127354, 849.3674344550215)
(153.90882211130779, 853.2186691753932)
(153.55408322050295, 856.4028612241835)
(153.06695921445368, 859.2233051168403)
(152.47228843164888, 861.9847169614658)
(151.79490921057726, 864.9918128661628)
(151.0596598897278, 868.5493089390334)
(150.2882599803322, 872.9402119278201)
(149.46322327999764, 878.174627616174)
(148.5402948115643, 884.0763311801414)
(147.47470225656417, 890.4654967149861)
(146.22167329652905, 897.1622983159732)
(144.73643561299093, 903.9869100783666)
(142.97682318578077, 910.7656070666205)
(140.9541659164212, 917.4498905980936)
(138.72993470661945, 924.1086348546866)
(136.36753488964527, 930.8152422441589)
(133.9303717987681, 937.6431151742719)
(131.48185076725755, 944.6656560527853)
(129.08520784020038, 951.9544637094286)
(126.79726047617184, 959.5127540460061)
(124.66658096747827, 967.2558998527932)
(122.7411998052602, 975.0935016289278)
(121.0691474806585, 982.9351598735459)
(119.69845448481375, 990.6904750857848)
(118.67659342572703, 998.2690087901861)
(118.00157934197627, 1005.5768673276273)
(117.58381099282384, 1012.5140360277682)
(117.32470608195808, 1018.9798727895877)
(117.12568231306723, 1024.8737355120638)
(116.8881573898396, 1030.0949820941757)
(116.51387313645908, 1034.5432209049522)
(116.0207794036635, 1038.2078621949406)
(115.71457990917207, 1041.300683287212)
(115.94474761095496, 1044.0672849871194)
(117.06075546698231, 1046.7532681000164)
(119.41207643522436, 1049.604233431256)
(123.34817083381591, 1052.8657749808958)
(129.0326665443632, 1056.6834344435877)
(135.9747829427189, 1060.8504195463486)
(143.5397637823449, 1065.0824214469053)
(151.0928528167041, 1069.0951313029868)
(157.9992937992581, 1072.604240272319)
(163.6243304834698, 1075.3254395126307)
(167.47942433136234, 1077.0384833879018)
(169.81574473859706, 1077.847218756693)
(171.11782935553984, 1077.957739454221)
(171.87030441506494, 1077.5761781268664)
(172.5577961500464, 1076.9086674210105)
(173.66493079335848, 1076.1613399830346)
(175.61324312849902, 1075.5212035087375)
(178.36010052669948, 1075.034562335394)
(181.65565498506172, 1074.684907474081)
(185.24909863765092, 1074.4554389719908)
(188.8896236185317, 1074.3293568763158)
(192.3264220617693, 1074.2898612342485)
(195.33645217863992, 1074.3131410751794)
(198.0033861596079, 1074.2979392285301)
(200.60140497221593, 1074.0948944859333)
(203.40754940183493, 1073.5539235264391)
(206.69886023383572, 1072.5249430290976)
(210.75237825358892, 1070.8578696729596)
(215.82786015029623, 1068.4098665272543)
(221.88092009695384, 1065.1656089893509)
(228.60733134428102, 1061.2187112572803)
(235.6945122581453, 1056.666290330433)
(242.82988120441496, 1051.605463208198)
(249.70085654895888, 1046.1333468899631)
(256.00186386216194, 1040.3469142989256)
(261.6452561325815, 1034.3386575196273)
(266.7984693154263, 1028.1958238370953)
(271.64343545997946, 1022.0053624799707)
(276.36208661552286, 1015.8542226768967)
(281.13635483133976, 1009.8293536565145)
(286.1468993895816, 1004.0166606281881)
(291.4895932943099, 998.4325007224228)
(297.1238059347242, 992.9812605435443)
(302.9965493568103, 987.5571902740435)
(309.05483560655335, 982.0545400964116)
(315.24567672993925, 976.3675601931391)
(321.51590115127505, 970.3909903359402)
(327.77269702015747, 964.1252628899881)
(333.8344573192609, 957.8075641669656)
(339.50750564501817, 951.7072610005755)
(344.59816559386354, 946.0937202245192)
(348.9127607622308, 941.2363086724986)
(352.2576515652733, 937.4043489717928)
(354.536196352167, 934.7507031092606)
(355.9592080632633, 933.059087492018)
(356.7982740388678, 932.0402496994304)
(357.324981619286, 931.4049373108638)
(357.81091814482323, 930.8638979056843)
(358.5276709557851, 930.1278790632571)
(359.6977074806688, 928.9512692164918)
(361.3202317402127, 927.2868163905898)
(363.33104762712026, 925.1435968002858)
(365.6659547217847, 922.5306904916102)
(368.26075260459925, 919.4571775105937)
(371.05124085595725, 915.9321379032667)
(373.9550694997878, 911.9734151503599)
(376.7705672049672, 907.6564665318929)
(379.2478752803132, 903.0800163859029)
(381.13700063333323, 898.342853945517)
(382.1879501715343, 893.5437684438634)
(382.1507308024238, 888.781549114069)
(380.81358518461303, 884.1520792280866)
(378.33777162291676, 879.7228924386253)
(375.0951080049356, 875.5455196273003)
(371.45978733784284, 871.671311163901)
(367.80600262881126, 868.1516174182161)
(364.5079468850149, 865.0377887600358)
(361.9235169500273, 862.3691799255088)
(360.1626135629613, 860.0025952980528)
(359.1420807799106, 857.6527299095737)
(358.7736708481989, 855.0305307029141)
(358.9691360151494, 851.8469446209152)
(359.6402285280856, 847.8129186064192)
(360.69968823487886, 842.6483537719156)
(362.0858538622762, 836.305245779404)
(363.76437583034357, 828.9832142273762)
(365.70223517309984, 820.8939428460206)
(367.8664129245644, 812.2491153655258)
(370.22389011875566, 803.2604155160819)
(372.74115817608765, 794.139594020052)
(375.3593744558606, 785.1018679737443)
(377.98259189426796, 776.3675313462605)
(380.5119117585907, 768.1572819735799)
(382.8484353161092, 760.6918176916818)
(384.89326383410423, 754.1918363365457)
(386.5479479325526, 748.8767704833045)
(387.7781116721495, 744.7856384878446)
(388.67941219601465, 741.5913192139508)
(389.3632579616296, 738.9223399024748)
(389.9410574264757, 736.40722779427)
(390.5242190480348, 733.6745101301885)
(391.22411878091077, 730.3528733715432)
(392.1215539343815, 726.2207982860741)
(393.20996560482246, 721.4846937980552)
(394.467296308834, 716.4268910638705)
(395.87148856301616, 711.329721239904)
(397.40048488396917, 706.4755154825395)
(399.03222778829286, 702.1466049481623)
(400.75401624894147, 698.5566697337597)
(402.5913799138894, 695.6388802815644)
(404.5796116205338, 693.2547716548172)
(406.75400420968117, 691.2658788917414)
(409.14985052213825, 689.5337370305591)
(411.802443398712, 687.9198811094927)
(414.75679237815723, 686.3051673348258)
(418.11511625949953, 684.6842096665723)
(422.0005011770246, 683.093115717598)
(426.53606371737317, 681.568053653753)
(431.8449204671848, 680.1451916408886)
(438.05018801310024, 678.860697844855)
(445.23673199075193, 677.7461117474733)
(453.1584551166866, 676.792923557601)
(461.3996775169671, 675.9721025765733)
(469.5433423340375, 675.2544514792253)
(477.1723927103412, 674.6107729403914)
(483.8697717883224, 674.0118696349066)
(489.249522428585, 673.4283978901956)
(493.3380360092259, 672.829073625821)
(496.45403757105004, 672.1812371130452)
(498.9224550789221, 671.4521994337376)
(501.0682164977063, 670.6092716697681)
(503.21624979226743, 669.6197649030066)
(505.68037155945905, 668.4531107535356)
(508.53116440954403, 667.1251605948548)
(511.6026346239795, 665.6969149796623)
(514.719008969279, 664.2312408226662)
(517.7045142119564, 662.7910050385746)
(520.3833771185243, 661.439074542096)
(522.5829467814763, 660.236908325896)
(524.2593882688283, 659.1878795669539)
(525.5406365025017, 658.2179068250413)
(526.5665631387411, 657.2475261369386)
(527.4770398337929, 656.1972735394266)
(528.4119382439018, 654.9876850692851)
(529.5103521528345, 653.5394226316655)
(530.8331819361946, 651.7858006899734)
(532.2973569744822, 649.6834298069332)
(533.8043160107022, 647.1914271017415)
(535.2554977878589, 644.2689096935944)
(536.5523410489568, 640.8749947016894)
(537.5963478304186, 636.9688256620946)
(538.3178236562151, 632.5215678670774)
(538.7213474925712, 627.5353862305077)
(538.8233081563334, 622.0173747618978)
(538.6400944643472, 615.9746274707585)
(538.1880952334585, 609.4142383666)
(537.4836992632556, 602.3433019786371)
(536.5424733428354, 594.7936666549597)
(535.3769642399737, 586.888124912381)
(533.9990253421038, 578.7703495503935)
(532.4205100366588, 570.5840133684911)
(530.6532717110724, 562.4727891661657)
(528.7091637527774, 554.5803497429104)
(526.613876876533, 547.0142316790972)
(524.4661862325449, 539.6911113469623)
(522.3889071788894, 532.4648840484624)
(520.5048695697819, 525.1894072288462)
(518.9369032594385, 517.7185383333613)
(517.8078381020747, 509.9061348072573)
(517.2203819647884, 501.64634370923665)
(517.1222780294863, 493.1435929479377)
(517.3892902623934, 484.7464321213485)
(517.8967853780993, 476.80420623174905)
(518.5201300911928, 469.66626028141684)
(519.1346911162631, 463.6819392726298)
(519.6234674693804, 459.1690180070052)
(519.9581836713304, 456.07826770348)
(520.1678065040054, 454.12368307603396)
(520.2822567869831, 453.01531256356503)
(520.3314553398411, 452.4632046049713)
(520.3453229821572, 452.17740763915026)
(520.3545542938731, 451.8722756159723)
(520.4043079754363, 451.3426466150192)
(520.552566982522, 450.45471798178124)
(520.8577585686704, 449.07715931209674)
(521.3783099874214, 447.0786402018043)
(522.1726484923153, 444.3278302467421)
(523.2986878559165, 440.6971547438953)
(524.7970912648707, 436.1852131786397)
(526.6875659770013, 430.94388083367545)
(528.9885558943779, 425.1342734249097)
(531.7185049190688, 418.91750666825106)
(534.8958569531436, 412.45469627960676)
(538.538482832118, 405.90607791673517)
(542.6216449522889, 399.3664534689507)
(547.0493416005431, 392.82118455226123)
(551.7187871874366, 386.2452147856463)
(556.5271961235254, 379.61348778808576)
(561.3717828193636, 372.9009471785609)
(566.149784995704, 366.0826576337649)
(570.7645240998843, 359.1652786744583)
(575.1335041363182, 352.22912462375666)
(579.176246172195, 345.3649850920893)
(582.812271274705, 338.66364968988364)
(585.961100511039, 332.21590802756776)
(588.5422625728553, 326.1125454098472)
(590.5105541187171, 320.4244304666735)
(591.9373513408426, 315.15659654292756)
(592.9180853468397, 310.30049259039595)
(593.548187244316, 305.8475675608651)
(593.9230881408791, 301.78927040612234)
(594.1382191441369, 298.11705007795416)
(594.2661491930676, 294.8047916979604)
(594.2709952589813, 291.74306230998434)
(594.0847486320331, 288.7977484466912)
(593.6393956269277, 285.83473281836206)
(592.8669225583694, 282.7198981352781)
(591.6993157410631, 279.3191271077201)
(590.0823740745127, 275.5239705986768)
(588.0568566425038, 271.40244553787585)
(585.703448036254, 267.0967630798425)
(583.1029711147704, 262.7493913244005)
(580.3362487370593, 258.50279837137185)
(577.4841037621271, 254.49945232057905)
(574.6175168486817, 250.86321769565316)
(571.7066141059616, 247.52732529621935)
(568.662363547775, 244.31318619640393)
(565.3949816784103, 241.0407909785543)
(561.8146850021554, 237.53013022501756)
(557.8316900232994, 233.60119451814177)
(553.3633179028739, 229.08360997879603)
(548.4413658785954, 223.96225845470585)
(543.1901296007791, 218.34747078430863)
(537.7365511324765, 212.35316694662868)
(532.2075725367379, 206.09326692068848)
(526.7301358766141, 199.6816906855112)
(521.4277736056918, 193.23077820544793)
(516.3291225104912, 186.80889474692475)
(511.3577542530413, 180.4357183469608)
(506.431790384406, 174.1284014585228)
(501.4693524556498, 167.9040965345792)
(496.3885620178363, 161.7799560280967)
(491.1085300466413, 155.77275989723304)
(485.6048108583402, 149.87803852624546)
(479.93880584781965, 144.05900291819356)
(474.17911268648163, 138.27615484935976)
(468.39432904572885, 132.48999609602714)
(462.6530525969635, 126.66102843447807)
(457.0237212703336, 120.74989917273406)
(451.54812737595694, 114.74153102192012)
(446.2118191862734, 108.67208763577979)
(440.99320806622063, 102.5842347237915)
(435.87070538073783, 96.5206379954353)
(430.82272249476273, 90.52396316018965)
(425.82766604236156, 84.63686388750074)
(420.8575413277264, 78.88570251096618)
(415.86529344841495, 73.2483332832487)
(410.8003359285984, 67.69362262960054)
(405.6120822924482, 62.19043697527449)
(400.24994606413543, 56.70764274552281)
(394.6633407678325, 51.21410636559936)
(388.82443355360357, 45.689597996821945)
(382.8024065561302, 40.160378227645005)
(376.69229337286646, 34.66509589305226)
(370.5891278350286, 29.242399940047445)
(364.58794377383316, 23.930939315634816)
(358.7837750204963, 18.769362966818147)
(353.2667503625593, 13.798998461357913)
(348.0968231998506, 9.077652001078027)
(343.3224806805816, 4.669391452650891)
(338.9921878028089, 0.6382967788412259)
(335.1544095645907, -2.9515520575851175)
(331.8576109639835, -6.036075093863457)
(329.1326569864265, -8.555756441422924)
(326.85071553114443, -10.4924932132572)
(324.7978831175285, -11.850243420711879)
(322.75946373054796, -12.633170596911906)
(320.5207613551727, -12.84543827498202)
(317.8670799763719, -12.49120998804689)
(314.6012692674177, -11.57854263003298)
(310.77179983315045, -10.169995995555592)
(306.6079278306351, -8.36824591061198)
(302.3431050155333, -6.2768991979680235)
(298.2107831435077, -3.9995626803902287)
(294.4444139702198, -1.6398431806445006)
(291.2691054823957, 0.7019893500332297)
(288.71482532075424, 3.003706223289929)
(286.61458721439203, 5.321845301654407)
(284.7926984006173, 7.716426380676099)
(283.07346611673813, 10.247469255904697)
(281.2811976000632, 12.974993722889158)
(279.24237357166714, 15.9577732272039)
(276.881375117542, 19.198441794723443)
(274.25810908876394, 22.621918339508273)
(271.4424312763366, 26.14741671298003)
(268.50419747126307, 29.694150766561332)
(265.5132634645465, 33.1813343516745)
(262.5391104656808, 36.528795720021165)
(259.6081976538522, 39.72692919979228)
(256.6646395735764, 42.90119335829354)
(253.64325668244538, 46.19229121419768)
(250.47886943805105, 49.740925786177776)
(247.10629829798611, 53.687800092905874)
(243.4603649102188, 58.17350207395323)
(239.47659702014735, 63.27035801402743)
(235.0924189321419, 68.86734520326469)
(230.24557009016544, 74.82297495180065)
(224.87378993818126, 80.99575856977039)
(218.91481792015202, 87.24420736730966)
(212.30639370729156, 93.42683266315488)
(205.06932159688955, 99.40529017168383)
(197.5428255839519, 105.05328932443766)
(190.14241782613533, 110.24742742686189)
(183.28361048109878, 114.8643017844006)
(177.381915706499, 118.78050970249942)
(172.85284565999348, 121.87264848660345)
(169.99494403365154, 124.05398454036745)
(168.46163920393033, 125.44002507436558)
(167.68516019278076, 126.21562232146962)
(167.09753867496963, 126.5656903820233)
(166.1308063252637, 126.6751433563703)
(164.21699481842998, 126.72889534485431)
(160.87056179119145, 126.89049698816348)
(156.2707605035518, 127.15119478712418)
(150.91805290564915, 127.41898320970992)
(145.31498656417793, 127.60131616623399)
(139.9641090458311, 127.60564756700983)
(135.36796791730163, 127.33943132235075)
(131.99105657032877, 126.71930528161964)
(129.831916994145, 125.77435932567595)
(128.5768923981128, 124.60902893330719)
(127.90657653143941, 123.3291371496241)
(127.50156314333236, 122.04050701973789)
(127.04244598299891, 120.84896158875931)
(126.22145424646114, 119.85599562390271)
(124.96222140665596, 119.07702365559614)
(123.40129434752485, 118.44825840746205)
(121.68314918422064, 117.90296300292806)
(119.95226203189621, 117.37440056542184)
(118.35310900570438, 116.79583421837101)
(117.02736644829484, 116.10085015722328)
(116.0148266175817, 115.23479121015578)
(115.22682049698571, 114.15782363952715)
(114.56647417468541, 112.83106048893447)
(113.93691373885953, 111.21561480197529)
(113.24126527768664, 109.2725996222468)
(112.38346678463787, 106.96388077456211)
(111.33522655494524, 104.31415925753743)
(110.18602598947373, 101.45733277349868)
(109.03712671997096, 98.53822140280052)
(107.98979037818438, 95.70164522579731)
(107.1452785958619, 93.09242432284431)
(106.60472603396842, 90.8551289637377)
(106.42851593201931, 89.05415242688277)
(106.57813815323932, 87.5593187438355)
(107.00037205333477, 86.21150953892564)
(107.641996988012, 84.85160643648248)
(108.44979231297732, 83.32049106083552)
(109.37053942893972, 81.45905037266245)
(110.37033946593945, 79.15858535682493)
(111.48190494508606, 76.48421663212451)
(112.75229383592577, 73.53849866397654)
(114.22856410800495, 70.42398591779606)
(115.95777373086953, 67.24323285899897)
(117.98698067406593, 64.0987939530003)
(120.36240523959925, 61.067271571091915)
(123.12612007028413, 58.09676789036352)
(126.31891641168308, 55.09568563622067)
(129.9815851367465, 51.972415990009495)
(134.15491711842506, 48.63535013307608)
(138.8797032296681, 44.99287924676749)
(144.18294476763916, 40.96453119915028)
(149.99246900960236, 36.54992841721572)
(156.19270296058102, 31.783744096955537)
(162.66789042467917, 26.700799390417338)
(169.3022752060025, 21.335915449647334)
(175.98010110865616, 15.723913426692194)
(182.5859637466019, 9.908393501639791)
(189.0082481468018, 4.027516488549366)
(195.13764865598264, -1.7229302635783468)
(200.8648924569144, -7.146340018376908)
(206.08070673236762, -12.04610603948032)
(210.67581866511134, -16.225621590521193)
(214.5491867441108, -19.502819741946748)
(217.74037465330517, -21.9439990512248)
(220.40686088832098, -23.82374319385896)
(222.70977306609527, -25.423081665450486)
(224.81023880356594, -27.02304396160121)
(226.86938571767055, -28.90465957791273)
(229.044325123728, -31.343260448359672)
(231.37187097462507, -34.443523585777456)
(233.75061807435833, -38.114047074278474)
(236.07153888406117, -42.25261587378132)
(238.2256058648664, -46.757014944203384)
(240.10379147790752, -51.525029245463216)
(241.59772480506516, -56.454666568910035)
(242.64052137735703, -61.45801358607747)
(243.23083168045093, -66.46939697200686)
(243.37308998210315, -71.42510619144032)
(243.07173055006984, -76.2614307091195)
(242.33118765210708, -80.91465998978646)
(241.1559284264147, -85.32126020562158)
(239.55691005917615, -89.45258722415423)
(237.55934167975136, -93.3566135969167)
(235.19032591893682, -97.09149110500086)
(232.47696540752997, -100.71537152949749)
(229.44636277632736, -104.28640665149845)
(226.12563119246488, -107.86273071189447)
(222.56368005116312, -111.46619303151626)
(218.877077189795, -115.00600962806998)
(215.1954797067043, -118.3696063826321)
(211.6485447002348, -121.44440917627897)
(208.36592926873126, -124.11784389008605)
(205.4772905105374, -126.27733640512974)
(203.03996827981294, -127.83869416060864)
(200.78953871094183, -128.84400368472046)
(198.37212102058683, -129.37045968405664)
(195.43383083176528, -129.49525827556738)
(191.62078376749452, -129.29559557620289)
(186.57909545079156, -128.84866770291316)
(180.05377394101856, -128.22945478973358)
(172.425693435172, -127.49868847456325)
(164.32737565749653, -126.71146147445405)
(156.39196720304207, -125.92285250434507)
(149.25261466686075, -125.1879402791757)
(143.54246464400228, -124.56180351388507)
(139.8158631005931, -124.08427706339364)
(137.8768719258421, -123.65005448617646)
(137.11411346284052, -123.07346320183734)
(136.91180528718053, -122.16797853450737)
(136.65416497445483, -120.74707580831759)
(135.72541010025586, -118.62423034739888)
(133.54019463254693, -115.62539000450674)
(129.9635134895553, -111.76104784144597)
(125.20445619975422, -107.1827034435087)
(119.48081592277244, -102.04542305682591)
(113.01038581823752, -96.50427292752734)
(106.01095904577735, -90.71431930174307)
(98.7019222412778, -84.83125668964297)
(91.34255368432353, -79.02650778379684)
(84.2339119379147, -73.4879680980794)
(77.67902702264449, -68.4043104380925)
(71.9809289591057, -63.964207609437494)
(67.44264776789262, -60.35633241771712)
(64.36079948965535, -57.7648857846859)
(62.71542397447998, -56.15334889715366)
(62.03154709497713, -55.1679631510107)
(61.79894590257885, -54.430394150601785)
(61.50739744871708, -53.562307500271416)
(60.64667878482378, -52.18536880436417)
(58.70838226404455, -49.92270116932869)
(55.42436810407661, -46.59033828805483)
(51.004653755696594, -42.388225336628096)
(45.71583672915082, -37.56173550737556)
(39.82451453468723, -32.35624199262574)
(33.59728468255222, -27.017117984705756)
(27.300744682992686, -21.78973667594317)
(21.20149204625494, -16.9194712586651)
(15.566124282587058, -12.651694925200065)
(10.66123890223533, -9.231780867875136)
(6.753433415446641, -6.905102279017873)
(4.109305332467692, -5.917032350955818)
(2.995452163545897, -6.512944276016742)
