(-6.304742, 3.3077)
(-3.7305480182684385, 4.3877566080761765)
(-3.254719748389224, 5.995095727819588)
(-4.52907471773442, 8.028806873585117)
(-7.20543045367609, 10.38797955972765)
(-10.935604483586298, 12.97170330060207)
(-15.371414334837104, 15.679067610563258)
(-20.164677534800568, 18.4091620039661)
(-24.9680234807834, 21.06147250146495)
(-29.561536368645328, 23.597732324119228)
(-33.9903544425796, 26.10912350662345)
(-38.33266521034084, 28.70296889716443)
(-42.66543798097261, 31.485883828796975)
(-46.99486577092886, 34.5233776166989)
(-51.21874951088818, 37.81800675876151)
(-55.22571766047898, 41.3670004922191)
(-58.91073241063476, 45.162819341711845)
(-62.3548805511861, 49.05778926095123)
(-65.85107539780785, 52.744750464061255)
(-69.70373135949767, 55.907883907939464)
(-74.1919477250687, 58.261680331849895)
(-79.15453449009983, 60.047788653997735)
(-84.05687157080862, 61.95496546389226)
(-88.35250941695026, 64.68613076608364)
(-91.55865516870499, 68.8605112848334)
(-93.90884419435353, 74.15553393086216)
(-96.0877575215434, 79.65547727701444)
(-98.78711609862958, 84.43536408888095)
(-102.59934924276854, 87.70572934767412)
(-107.35482170711325, 89.71716605629705)
(-112.5309676504911, 91.20194332892639)
(-117.60329773224933, 92.89495545240578)
(-122.13244763110326, 95.40431119176918)
(-126.13821150661286, 98.65424695560978)
(-129.79450440890443, 102.33945092243174)
(-133.27535462704563, 106.15444269102416)
(-136.72844066893657, 109.86622540145048)
(-140.20022850442191, 113.520219806921)
(-143.71288636109682, 117.22868540940075)
(-147.28859296289255, 121.10376271189098)
(-150.95695613292096, 125.17336710129383)
(-154.768041680175, 129.23347787185145)
(-158.77540656609617, 133.04049445581518)
(-163.03195745629594, 136.3520663203733)
(-167.50236129689432, 139.0954622461231)
(-171.9745151181716, 141.53774801130538)
(-176.21523241322987, 143.98651734598405)
(-179.9961696131254, 146.74655282969542)
(-183.34515406633778, 149.97393907880024)
(-186.66846546669586, 153.60508279509094)
(-190.40285632290517, 157.55870231217986)
(-194.96703071950716, 161.75153606686823)
(-200.28489343692127, 166.04604343228357)
(-205.73675966125236, 170.24505246445932)
(-210.67511103517114, 174.1483379033395)
(-214.49273829936112, 177.5686508952863)
(-217.245290850071, 180.53213171558195)
(-219.53106492295504, 183.2396108776156)
(-221.96432130552824, 185.89705824354488)
(-225.1098023263513, 188.69521997025745)
(-229.0012249334744, 191.66158644993314)
(-233.3497740463252, 194.72449045459243)
(-237.86209265784694, 197.81086840928523)
(-242.27610503497405, 200.8538938524708)
(-246.5595907689918, 203.83257073623386)
(-250.78283204431656, 206.7463408087125)
(-255.0165835243041, 209.59474002471703)
(-259.3102621800251, 212.3885913186894)
(-263.6028296936949, 215.19714505850018)
(-267.79761425566664, 218.10850062771814)
(-271.797927178954, 221.21076633393483)
(-275.54098324041195, 224.57392081493197)
(-279.0890577942322, 228.20106733009612)
(-282.53325538482653, 232.07989290577007)
(-285.9646611831307, 236.19797379036012)
(-289.46390650436416, 240.48311086893077)
(-293.0839365527846, 244.70479527106912)
(-296.87316523522856, 248.60660807392648)
(-300.87960428718634, 251.9339475634046)
(-305.10367227966026, 254.64726144602756)
(-309.45392453465917, 257.1220809531267)
(-313.828440957488, 259.7812704218945)
(-318.12624988322085, 263.0401215292228)
(-322.29223121259093, 266.94782785775095)
(-326.3366169722472, 271.0317842596065)
(-330.2746419233761, 274.7794416601607)
(-334.1226473492643, 277.7007894493381)
(-337.92533260230584, 279.88343524581364)
(-341.7574714444441, 282.02756459479644)
(-345.69528779943306, 284.86290101509763)
(-349.81330866085597, 289.05795078769773)
(-354.15964598187435, 294.32829010897996)
(-358.7615406115448, 299.63656416771164)
(-363.64566457970517, 303.92489783781156)
(-368.81308630702165, 306.25887431866687)
(-374.0030359390482, 306.96663767645555)
(-378.8013958328603, 307.1157613700181)
(-382.7921094286124, 307.7831681430834)
(-385.6775345349618, 309.903229819631)
(-387.99339625326974, 313.4070846163882)
(-390.6331897395923, 317.7951759703843)
(-394.4917864726092, 322.56629045843505)
(-400.1918764634961, 327.2586362695992)
(-407.0037608301347, 331.60629587872756)
(-413.7785036605241, 335.40407227842553)
(-419.3670642560183, 338.44679425494115)
(-423.0048921417099, 340.6530755341018)
(-425.28957385637653, 342.38006387336435)
(-427.120198442972, 344.08197443777664)
(-429.3950769554241, 346.2125929091758)
(-432.68354177849744, 349.04409467627096)
(-436.7167954864249, 352.38597163234095)
(-441.09451506068467, 355.97510791918086)
(-445.4180109498452, 359.5494469103251)
(-449.45853072078165, 362.95712874451874)
(-453.3034200959099, 366.25126934552975)
(-457.07446908211864, 369.50732024436)
(-460.8896183298647, 372.80177474857135)
(-464.69611955234524, 376.2573208315415)
(-468.2064866674045, 380.06017509471604)
(-471.11616540057435, 384.4011734162941)
(-473.1316895749634, 389.4571910270603)
(-474.2257405676989, 395.07000580352235)
(-474.6434764769076, 400.7383294285294)
(-474.6424095508777, 405.94531889366647)
(-474.4578059949639, 410.2063627970289)
(-473.996769911197, 413.51231370203817)
(-472.91617031470145, 416.21658208321895)
(-470.86657555555547, 418.6817072546435)
(-467.5486925968203, 421.2313601517155)
(-463.1525258574253, 423.80989928643663)
(-458.1443498217012, 426.14751351436803)
(-452.9935578821707, 427.97197385584536)
(-448.10816612816365, 429.0621151010779)
(-443.4823249268752, 429.54109384808703)
(-438.93917650434133, 429.67433948813374)
(-434.3013224503966, 429.7277312028925)
(-429.42990469808564, 429.9083704143596)
(-424.3698974489389, 430.14299651352195)
(-419.22102515657025, 430.2748494491912)
(-414.0830171523885, 430.14716476380255)
(-409.0230167581916, 429.67535002766664)
(-403.99728021653783, 429.0204073306327)
(-398.9384983144546, 428.39553191948426)
(-393.77949519386476, 428.0135474260046)
(-388.4983023062088, 427.9612999968483)
(-383.183769020948, 428.0168237133542)
(-377.94141406946017, 427.91170078181375)
(-372.875848433859, 427.3791621127132)
(-368.00806802655165, 426.3043049100524)
(-363.2091574014887, 424.84450364129873)
(-358.3346001719599, 423.1854680613478)
(-353.2430251100059, 421.5107899823586)
(-347.9213963347078, 419.91764048619336)
(-342.526987621566, 418.388504520118)
(-337.2288240516338, 416.89795372901256)
(-332.1911242828762, 415.419894920299)
(-327.46986285819804, 413.9132622822518)
(-323.014034732401, 412.3221922967925)
(-318.7680813535365, 410.5901915924564)
(-314.66884350020035, 408.6599314560663)
(-310.54680009474436, 406.4623936126675)
(-306.15416383445813, 403.91995803941023)
(-301.24133212284244, 400.95480520593725)
(-295.60273368289023, 397.5163238612638)
(-289.4430940607742, 393.8074375273714)
(-283.1904451282086, 390.1690574350165)
(-277.27505577969407, 386.9434771387564)
(-272.06325776700737, 384.4010090893866)
(-267.50817421860154, 382.3467711493301)
(-263.39863580170226, 380.40091901042825)
(-259.5230539726632, 378.18313641253945)
(-255.712329353582, 375.3927509277597)
(-251.9919413881423, 372.09381847132823)
(-248.44303621490886, 368.4547394150223)
(-245.14674547325438, 364.64392509068625)
(-242.10949827025348, 360.84003658562284)
(-239.09351188176876, 357.25524270732825)
(-235.8111791957816, 354.10854854817313)
(-231.97557924020992, 351.6182907069607)
(-227.48985961027194, 349.81762546015864)
(-222.7055709849709, 348.3028381761673)
(-218.0388959380873, 346.6072445526097)
(-213.9029496040198, 344.26746217621434)
(-210.4590696486445, 341.09112989174747)
(-207.43342372752576, 337.35431735451357)
(-204.50895450872434, 333.3796229682419)
(-201.37302073255907, 329.48542011504327)
(-197.879297617154, 325.83096097764894)
(-194.0944616116533, 322.37171148864564)
(-190.09912170961712, 319.04980779389575)
(-185.9723592737594, 315.80857088017825)
(-181.76092342659732, 312.61639884057087)
(-177.48071575244782, 309.4656153294419)
(-173.14640735089043, 306.3494983735251)
(-168.77668131463474, 303.26266799518123)
(-164.44353159814167, 300.21757648642483)
(-160.2568043636158, 297.2393375510969)
(-156.32715192655198, 294.3533345480842)
(-152.72789534877074, 291.56968692585957)
(-149.20000622673848, 288.76262390779146)
(-145.3101304773677, 285.7350968657532)
(-140.62337499386564, 282.28942789942226)
(-134.83522998739087, 278.2689016893319)
(-128.44904382461803, 273.7706080464198)
(-122.27717641523783, 268.9887190657299)
(-117.13261055865709, 264.1176025358258)
(-113.58715593889757, 259.345056774195)
(-111.15216177162579, 254.82999352710345)
(-109.04759015939958, 250.72338725805517)
(-106.49349456516627, 247.176190874171)
(-102.94581752905528, 244.28888342410906)
(-98.60146694437087, 242.00339748710746)
(-93.80246095749388, 240.23061598778378)
(-88.89051855902994, 238.8814354268332)
(-84.13853414706018, 237.86987565439378)
(-79.66310286894057, 237.1170495837039)
(-75.55923988807778, 236.5450494557156)
(-71.9213825059898, 236.07678901612792)
(-68.8014574637723, 235.69561622138053)
(-66.18054755211038, 235.48559278436275)
(-64.03302344531869, 235.5403225517583)
(-62.327429619656655, 235.95027000318672)
(-60.82921970316919, 236.6964668949377)
(-59.05281780386672, 237.6246811629212)
(-56.497098920000795, 238.57230231811468)
(-52.69080241452527, 239.38922392055858)
(-47.757614409058924, 240.17444054196784)
(-42.36917545810695, 241.25637233138016)
(-37.21757206533107, 242.9720000469057)
(-32.951673133221746, 245.6317328789484)
(-29.674545284568087, 249.2104032659474)
(-27.115358536493254, 253.45296001784234)
(-24.995996156972353, 258.09987181742446)
(-23.073505774520434, 262.9084703936426)
(-21.40419250411847, 267.7795962078687)
(-20.19561050056824, 272.686621099857)
(-19.65648168556436, 277.6034769112135)
(-19.94274683255072, 282.4999912512507)
(-20.896722818450293, 287.32160451212104)
(-22.245343872968714, 292.0047849964616)
(-23.71536516485467, 296.48598708322936)
(-25.10081132340166, 300.766522706093)
(-26.479732746438057, 305.1215459950584)
(-28.005128539650492, 309.89847254738714)
(-29.82994917356886, 315.44457734565896)
(-32.03134260697331, 321.8892115874291)
(-34.45762464768846, 328.7038595035715)
(-36.91410049389897, 335.2363546090064)
(-39.206794418036665, 340.8361916495556)
(-41.28105604126965, 345.1747397472067)
(-43.3868803315354, 348.6271705396608)
(-45.814537506684694, 351.6617009794762)
(-48.84965097527455, 354.7441743917584)
(-52.46985658709723, 358.18311158669286)
(-56.157829810340964, 362.0342036422113)
(-59.351545791876816, 366.3303083536434)
(-61.504801887276166, 371.09981207897357)
(-62.58319523175051, 376.2264639330063)
(-63.16291497343386, 381.4214565954519)
(-63.85592405801345, 386.3858728873172)
(-65.24291358857114, 390.83275055839243)
(-67.31733452255507, 394.699623695569)
(-69.55053936363707, 398.1236196719798)
(-71.39569359810196, 401.24881858498117)
(-72.35960604428521, 404.2093438292151)
(-72.59352696951643, 407.019704456222)
(-72.67458864357556, 409.615361846042)
(-73.18748988710341, 411.9303729563079)
(-74.6019983399284, 413.94969521602724)
(-76.45243617400999, 416.0725741083499)
(-77.81765382484545, 418.89997344838434)
(-77.7734527093873, 423.0342073939398)
(-75.62341293177113, 428.90332594149567)
(-71.96939662774186, 435.94211658256717)
(-67.87256285924902, 443.2339775077811)
(-64.39460238610658, 449.8619001274649)
(-62.29949251637626, 455.13543122485834)
(-61.14415471385249, 459.2826685768279)
(-60.17964101533326, 462.76447190528387)
(-58.65726453910939, 466.04159124747645)
(-56.10847988178502, 469.45707447793166)
(-52.8776557859893, 473.0124215016559)
(-49.45577781960694, 476.64753078737994)
(-46.33270081500863, 480.30262463773613)
(-43.81151765687348, 483.9714125318735)
(-41.802044836639894, 487.7602352645038)
(-40.16433532467745, 491.7896855176653)
(-38.758319576295754, 496.1785819282331)
(-37.43657714322891, 500.9393004232342)
(-36.04029367666817, 505.9192307294332)
(-34.40967470732833, 510.951570212281)
(-32.39132753453573, 515.8724755382327)
(-30.024479887569562, 520.607144678767)
(-27.570176137598956, 525.1833132399998)
(-25.301738149588243, 529.63439225962)
(-23.471347414106905, 533.9987454746846)
(-21.956468631026368, 538.402524074705)
(-20.312982809291928, 543.0472188488022)
(-18.08633515547954, 548.1367654525322)
(-14.876099795133035, 553.8465256623073)
(-10.900923337452852, 560.0250617790243)
(-6.774074445185823, 566.3126207874719)
(-3.1151873779086143, 572.3460893652702)
(-0.4608131000907674, 577.8082231031548)
(1.2995449072045036, 582.7390018059482)
(2.579831876609104, 587.3459342945732)
(3.7957372142390096, 591.8374923192868)
(5.319973238086311, 596.3777663055166)
(7.29022655511735, 600.8881417193899)
(9.764248881415204, 605.207457337336)
(12.799725532040707, 609.174483467209)
(16.387024392403855, 612.7018290991635)
(20.25442302625769, 615.9895830646911)
(24.0664236622727, 619.3077876490952)
(27.487649613340118, 622.9263765760758)
(30.27721157414621, 627.0305681400301)
(32.457834870653286, 631.5692292174801)
(34.09785903173676, 636.4503299354689)
(35.266327699720506, 641.5813305059816)
(36.13247922762867, 646.7971306864409)
(37.06878324240019, 651.7854512712972)
(38.47231187844557, 656.2161960553519)
(40.733632692809465, 659.7673917919476)
(43.88847584036771, 662.5601884913617)
(47.44203632530958, 665.3782719125048)
(50.85607304277849, 669.0595711099261)
(53.60894108188177, 674.4114069106013)
(55.64452671076988, 681.3825247174913)
(57.42420464497829, 688.967270135777)
(59.436373730251645, 696.1101483837944)
(62.13687059385515, 701.8112208145769)
(65.43604155159063, 706.001238845787)
(68.79236539024451, 709.3819091457004)
(71.65069159384733, 712.678192061709)
(73.51939157018184, 716.5555762375946)
(74.59900293740594, 721.0315173030276)
(75.5155873873783, 725.7250786461556)
(76.90141082922928, 730.2495150248315)
(79.29607643163071, 734.269599489216)
(82.54837735914981, 737.8341791147515)
(86.19513032071812, 741.165552508264)
(89.77162929534386, 744.4868648784077)
(92.89283365535991, 747.9921723805988)
(95.59177936153226, 751.722874519349)
(98.03817451441091, 755.6704662799774)
(100.40180430088154, 759.8264142533532)
(102.83036049563657, 764.1671290787946)
(105.38893186806415, 768.6127300977896)
(108.12330604626797, 773.0701835433113)
(111.07919886592258, 777.4464847462974)
(114.26006167280225, 781.6657591266804)
(117.55594995883808, 785.6980922253442)
(120.83809926155251, 789.5211974403805)
(123.97895199225312, 793.1133897991369)
(127.00029776031415, 796.5274342381655)
(130.21578120389609, 799.9615860726466)
(133.97283190482943, 803.6309424870509)
(138.6101597181217, 807.7474733291881)
(144.03226602822045, 812.367419248459)
(149.5173409460934, 817.3223938793938)
(154.29481073666756, 822.4265216660302)
(157.6151845981826, 827.4985576969998)
(159.28144489466402, 832.4786019820115)
(159.68941427339345, 837.4369656647023)
(159.26408432675439, 842.4503665407618)
(158.41585643120268, 847.5855586098781)
(157.3238520839682, 852.7513526618951)
(155.9822789490296, 857.7302800867112)
(154.3801734450036, 862.3013407820155)
(152.51978156933794, 866.2887774660135)
(150.54058290898277, 869.9868580362026)
(148.6634119057805, 873.9684908482651)
(147.11016988823295, 878.810238345741)
(146.06292882026924, 884.9749310969759)
(145.4194040805191, 892.1134256903719)
(144.95367479933242, 899.5235381245564)
(144.43931412661306, 906.5016395821117)
(143.68234200801774, 912.4818313311093)
(142.6522113867871, 917.5919546594354)
(141.36971786027271, 922.1777900374383)
(139.85567679533568, 926.585193482796)
(138.16098037070768, 931.0888168920998)
(136.44451704651982, 935.707640771946)
(134.8894058020829, 940.4032820749392)
(133.6785299904141, 945.1373354649787)
(132.88699721444743, 949.8612007256911)
(132.3117724880294, 954.499967172974)
(131.70555512409445, 958.9745368772573)
(130.8222176309442, 963.2065931223459)
(129.54293563880054, 967.2025884506431)
(127.9886124762057, 971.1286065192163)
(126.30667418207373, 975.1683920641404)
(124.64268457054064, 979.5029449984836)
(123.05725095688432, 984.1880437500083)
(121.4927458935895, 989.1051948213078)
(119.88279527355328, 994.123012591125)
(118.1683462841835, 999.1134172433904)
(116.46992245306664, 1004.029413583847)
(115.09406744164437, 1008.9080006247615)
(114.35593546675149, 1013.7900653272623)
(114.54734432495218, 1018.7136660107258)
(115.60968091916968, 1023.6743847515601)
(117.21392957810914, 1028.6350277332665)
(119.02408185901882, 1033.5575535352534)
(120.73769442233005, 1038.4039551559656)
(122.38501043623185, 1043.136566744252)
(124.18642408025013, 1047.7179174376151)
(126.36456031342584, 1052.110538661092)
(129.11293700701412, 1056.272982831254)
(132.42599225229256, 1060.136587682956)
(136.2148474244235, 1063.6213013568347)
(140.39034216454024, 1066.647033479814)
(144.86642572075522, 1069.1562194281848)
(149.57208284812862, 1071.2002106127418)
(154.44083655469535, 1072.863233193324)
(159.40621231133878, 1074.2295181560235)
(164.41612419558172, 1075.3638941630472)
(169.4681100995404, 1076.26427461878)
(174.57039800066661, 1076.9141578766396)
(179.7311505773523, 1077.2969824760837)
(184.93475590602677, 1077.374409413728)
(190.1065705030846, 1077.0540267587076)
(195.16294475383282, 1076.2351729612612)
(200.0207223363597, 1074.8180864483434)
(204.64403150657205, 1072.7892729119333)
(209.08282057444717, 1070.291810476087)
(213.3961075491332, 1067.485324269787)
(217.6421334139011, 1064.52790848062)
(221.84655349726444, 1061.513455151491)
(225.99126321206515, 1058.449638004452)
(230.05508501152437, 1055.3380762384938)
(234.01940851103294, 1052.1815068638289)
(237.9246680559054, 1049.0083765487907)
(241.8703427213794, 1045.8728416198323)
(245.958478744862, 1042.8301762146318)
(250.2799870394326, 1039.931835246391)
(254.76720798239964, 1037.174886665428)
(259.23440300475323, 1034.5158993770144)
(263.4930178691296, 1031.9104765606705)
(267.38372414729207, 1029.295271739589)
(271.0237362678221, 1026.4276314390586)
(274.6826364523006, 1022.9661087754357)
(278.6315964877791, 1018.5682262103151)
(283.0840445171878, 1012.993896719449)
(287.87492236542306, 1006.6741618381767)
(292.68673879354634, 1000.3103560495376)
(297.2015838916386, 994.6045562202144)
(301.17746291034547, 990.0895587482486)
(304.72478238935423, 986.5123531531153)
(308.0561289117279, 983.392081374176)
(311.3840837156226, 980.2478865269807)
(314.84416518705837, 976.7193371555603)
(318.316577815954, 972.8449785415409)
(321.62872269316455, 968.745871365098)
(324.60839921283053, 964.5430448781617)
(327.2011963086591, 960.348234112248)
(329.63415322486287, 956.2509661742037)
(332.17545953692246, 952.3375211911336)
(335.0915229688857, 948.6934455700707)
(338.49686673539406, 945.3417436278619)
(342.24027827265957, 942.1959966000608)
(346.14373464552443, 939.1587459086774)
(350.0310337530107, 936.1322450141892)
(353.7963830952912, 933.0076122298881)
(357.42523819236106, 929.6615351648073)
(360.90913108936695, 925.9697404368537)
(364.23703031951646, 921.8191104704628)
(367.34252299026076, 917.3375347481667)
(370.1057332126266, 912.8855612532358)
(372.40460542106416, 908.8332234134209)
(374.13242544361816, 905.5253278170961)
(375.38985953902454, 902.9656720834997)
(376.4265852627571, 900.9130249806858)
(377.4955464598934, 899.1207843068105)
(378.8030001532766, 897.3479546686535)
(380.1332206845199, 895.4042182737115)
(381.04639601267274, 893.1261687661992)
(381.1006489698508, 890.3506477997463)
(379.9266615378313, 886.9577427023726)
(377.6110395702154, 883.0992740762492)
(374.4170520394311, 879.0323547678629)
(370.6083541502068, 875.0143278203924)
(366.4924165043319, 871.2301693436524)
(362.5719964787334, 867.5423134646994)
(359.40423854145615, 863.7233668238448)
(357.54620695867135, 859.5459638926162)
(357.32607564650067, 854.8704537145725)
(358.3434189448606, 849.8363967547881)
(360.0531603460147, 844.6387860782405)
(361.9108875203571, 839.4723178858626)
(363.5344799676, 834.4591496929706)
(364.91507948754105, 829.554604019229)
(366.09611012347045, 824.6906350777142)
(367.12134915083664, 819.7996774867211)
(368.0615093688552, 814.8507989000058)
(369.03273981550836, 809.8748614758746)
(370.15556304680666, 804.9086754745672)
(371.54573162701547, 799.9887399539191)
(373.14843234823803, 795.1404259696138)
(374.6955178755829, 790.3751862947043)
(375.9053827601723, 785.7035956719116)
(376.51571911390886, 781.1287232933045)
(376.65642971519617, 776.5010928009108)
(376.822921972768, 771.5290692734213)
(377.524551320754, 765.9155928753448)
(379.22185268482076, 759.3997120259528)
(381.74832195845283, 752.184241005048)
(384.50274202472684, 744.7935132371925)
(386.8751659077839, 737.758318859103)
(388.3391255213111, 731.5554202467026)
(389.0892945381735, 726.1948548988171)
(389.68936717403517, 721.4478292310747)
(390.7060196972894, 717.0836196665933)
(392.61107049115986, 712.8988069539291)
(395.3047908113613, 708.8544885683735)
(398.4744269485863, 704.97308006079)
(401.80686333941236, 701.2771011397772)
(405.0533311229206, 697.7926678799703)
(408.24044572400675, 694.5612877071345)
(411.46847822350685, 691.6285846946495)
(414.8376911044054, 689.0401687140096)
(418.4317582885127, 686.8164691756634)
(422.28360971226067, 684.9008891021974)
(426.41650593650394, 683.2221539722851)
(430.85357361699346, 681.7092840126862)
(435.5905049715808, 680.3516873506326)
(440.5622440949304, 679.2724891455883)
(445.69558654949384, 678.6127508731955)
(450.917343584392, 678.5102484104664)
(456.1554023387754, 678.8774107047215)
(461.3394000166438, 679.2601127525533)
(466.3991344300785, 679.1705899250427)
(471.26698845226997, 678.1364476504813)
(475.9610503807394, 676.1948720669734)
(480.60287131041974, 673.9982104434034)
(485.320178391334, 672.235531161239)
(490.234257616275, 671.5586782533013)
(495.3430524530929, 671.9066820471414)
(500.53354777461755, 672.5773276283563)
(505.688772777994, 672.8455396794301)
(510.69244573726223, 672.0329260401443)
(515.4367014149964, 670.0312896353084)
(519.8193037670939, 667.1137965141912)
(523.7381199390348, 663.5606035503996)
(527.1067945167013, 659.6314586628449)
(529.9693030823462, 655.4175197246086)
(532.4338754849284, 650.9268283120341)
(534.6091931171345, 646.1668419057391)
(536.5641120038034, 641.1536215754943)
(538.1373285047964, 635.9529504477435)
(539.0850428604182, 630.6484335237238)
(539.1633495933837, 625.323698643148)
(538.2557578623562, 620.0611445610704)
(536.7693984248032, 614.9381190015645)
(535.2458933079113, 610.0306723404415)
(534.2266582511749, 605.4147596723221)
(534.0044810568082, 601.0515529552894)
(534.1411301049083, 596.564737125412)
(534.0646986725918, 591.5162838303613)
(533.2053147186737, 585.4701271707531)
(531.3470971035283, 578.3316258976852)
(529.0289839095774, 570.7341628101228)
(526.8868348050408, 563.4046016931514)
(525.5500282303968, 557.0623538759106)
(525.2461522726278, 551.964831043625)
(525.5724770985343, 547.644672242892)
(526.0711607054606, 543.5711456542773)
(526.2917453990617, 539.2239322920909)
(526.0113240879615, 534.4035890736274)
(525.2721369319398, 529.284564975918)
(524.131382887122, 524.0624028215922)
(522.6519002812993, 518.925989593491)
(520.9984135850189, 513.9439616715649)
(519.4241228334034, 509.0805325997057)
(518.1851685601117, 504.2964454133323)
(517.5088687694647, 499.55247579532204)
(517.2874795622294, 494.8097789552617)
(517.1970880691384, 490.02975495867713)
(516.910178604757, 485.17380795202683)
(516.1571070121457, 480.21004209875355)
(515.1255823422723, 475.1595111618672)
(514.220504856562, 470.06841399448507)
(513.8480897835296, 464.983101688693)
(514.3359200347396, 459.94622024188584)
(515.5756031644058, 454.97987282574445)
(517.3085035778028, 450.09908326957185)
(519.2758456486811, 445.318868804088)
(521.2668026986623, 440.6520250538186)
(523.2597695035175, 436.1025804946099)
(525.2798112333714, 431.6724012350022)
(527.3519852336683, 427.3633252723793)
(529.4945896502354, 423.15290732495345)
(531.7068165846212, 418.9500612313234)
(533.9845060549453, 414.6516580465751)
(536.323641006013, 410.15532822387354)
(538.7415552089456, 405.47214342926463)
(541.2994326501804, 400.8461602979196)
(544.063844863797, 396.5500605837719)
(547.1004719302379, 392.8505710962782)
(550.4248186166877, 389.6792456281013)
(553.976464782977, 386.4604566790508)
(557.6886702966036, 382.5763589577856)
(561.4948057489196, 377.43102698306535)
(565.3314203037712, 371.05779177661753)
(569.138638284748, 364.19775255555686)
(572.8567744006405, 357.62969876606684)
(576.423897948857, 352.0928421456218)
(579.7397532418072, 347.65087674888554)
(582.6719604919076, 343.80127598910013)
(585.087146800138, 340.0240086585291)
(586.8700997565963, 335.8372733894606)
(588.1066954974822, 331.18258246492957)
(589.0079368816814, 326.26485377119076)
(589.7867146366029, 321.2929793667342)
(590.6329223912876, 316.45063838730556)
(591.5625018062009, 311.73079731982597)
(592.5118400075219, 307.0392028509234)
(593.4169135312717, 302.2811515157431)
(594.2047736004952, 297.38126105518745)
(594.7549855136385, 292.36694508097054)
(594.9313844702855, 287.29966917334605)
(594.597795643918, 282.2409209787736)
(593.6455700568732, 277.25789957358114)
(592.0703707416512, 272.439448079799)
(589.89256628014, 267.87953585601605)
(587.1326085967302, 263.6720427427792)
(583.8646535538863, 259.8531652698577)
(580.308830769432, 256.3023097986025)
(576.7098364280486, 252.87249578166436)
(573.3113502088326, 249.41720519915904)
(570.2253940989884, 245.8498265375782)
(567.3034955397967, 242.20227776659337)
(564.3665724655225, 238.52040470620406)
(561.2383219378905, 234.848943310693)
(557.8850432000163, 231.17568026709563)
(554.4812015882985, 227.40526954762953)
(551.2177454028972, 223.43578252739397)
(548.2772010794163, 219.17168392593769)
(545.6163878494798, 214.68878103069704)
(542.947061192408, 210.24891795857545)
(539.9686751955608, 206.12327726162732)
(536.4012120629932, 202.56423263134843)
(532.2960661092517, 199.52050183864415)
(527.9727545637438, 196.69513537803957)
(523.7584864707436, 193.78413612856917)
(519.9539150570565, 190.5070402813417)
(516.5794065413219, 186.8317695890036)
(513.4871383592711, 182.87529183227178)
(510.5270016938357, 178.75660083006468)
(507.55887787475785, 174.58906069958948)
(504.51500474812076, 170.44526082155704)
(501.3594815267802, 166.37983588648174)
(498.0565459135064, 162.44734254229184)
(494.57737354350536, 158.69061023621208)
(490.9285666841436, 155.0925867101709)
(487.12800580295135, 151.6171561424062)
(483.1935767475729, 148.22819479000927)
(479.164662844661, 144.8943010186544)
(475.1588843285183, 141.6012586125028)
(471.3116543067495, 138.33875971537552)
(467.75813916274785, 135.0963978336093)
(464.5111070001818, 131.8148330576664)
(461.2633364248177, 128.3067973795802)
(457.6559617133268, 124.364375986227)
(453.33260289486105, 119.78140614924314)
(448.21844193229566, 114.55018430991609)
(442.7754546698003, 109.04136653559013)
(437.5259124857425, 103.66810825242712)
(432.9845558723457, 98.83802833018174)
(429.31251928903475, 94.69878157741825)
(426.1729202114791, 91.03189070757175)
(423.19139706039033, 87.59132458478568)
(420.00388788096666, 84.13607335533176)
(416.50453632645304, 80.55100779413425)
(412.85811917761674, 76.85293798016386)
(409.2422000654775, 73.06490784904766)
(405.8238128500575, 69.21137532518058)
(402.60901188055453, 65.3384154431879)
(399.4781548371337, 61.50898239663905)
(396.30826187393563, 57.78647855830211)
(392.9858826515502, 54.22744811906409)
(389.49350567658223, 50.81939013523225)
(385.8691270485541, 47.50985603624025)
(382.1514191235963, 44.24591056411334)
(378.377366723029, 40.97798389765144)
(374.5722468911536, 37.679854938969335)
(370.75637399363643, 34.3351996193274)
(366.9500444810712, 30.92772959786495)
(363.18342288829837, 27.439366215921485)
(359.5350416885682, 23.843255658592064)
(356.0982287377444, 20.109859857759087)
(352.9663114914363, 16.209642962775273)
(350.18074822398347, 12.149254081098002)
(347.6016923165635, 8.061824169378687)
(345.04970654335546, 4.108103368157601)
(342.3454587578801, 0.44864792460898584)
(339.3507983405628, -2.8319744445089867)
(336.03114949146004, -5.840313227740331)
(332.3679628864858, -8.7124901135836)
(328.3428302292776, -11.581627520887311)
(323.951421034025, -14.281451774137688)
(319.21527099193963, -16.095587152609724)
(314.1586916429377, -16.24862331103916)
(308.8080050306223, -13.983370961461661)
(303.27621588056104, -9.328240028727077)
(297.79412853048814, -3.37925025881323)
(292.60096533513723, 2.691286690478158)
(287.9306862426096, 7.747801211089554)
(283.8936167968255, 11.51793738135442)
(280.47498674624865, 14.602756379515617)
(277.6544711418019, 17.642102204601073)
(275.3960719445175, 21.236216184857422)
(273.43664371106746, 25.411384931485806)
(271.34187606490224, 29.761396515398715)
(268.6732638312344, 33.86943961614992)
(265.05267726346386, 37.359848353859256)
(260.6821415334438, 40.252328449867655)
(256.08727099564135, 42.78710943596243)
(251.79719298182917, 45.20681491389248)
(248.26729441183426, 47.7427077259054)
(245.46273594686602, 50.55052438508589)
(243.14869425093693, 53.75519102475097)
(241.08975606476295, 57.48154289214244)
(239.05767005115305, 61.789698431255395)
(236.8578852451217, 66.4352516401061)
(234.30575409568056, 71.08430695136666)
(231.21664524437935, 75.40297150949998)
(227.4936248269739, 79.14464278490372)
(223.33421660611648, 82.3558087456943)
(218.99767723876946, 85.1444036363521)
(214.74283969598858, 87.61859401922693)
(210.69452124810599, 89.96003070903367)
(206.65320077792913, 92.52820759254404)
(202.37125698870528, 95.70899312096148)
(197.60336276617173, 99.8845044535296)
(192.30740760506055, 105.10457270213294)
(186.80119465787772, 110.83052252082535)
(181.43940765228263, 116.46337394287768)
(176.56958758841748, 121.40985651808012)
(172.25559731053482, 125.30345702773593)
(168.1892798096593, 128.07503513940844)
(164.0372589258424, 129.67560936876797)
(159.4792953754118, 130.0665122868747)
(154.4848899964392, 129.4365579148521)
(149.30655358256593, 128.1967577198912)
(144.20858753739665, 126.76738024078152)
(139.44058976233853, 125.53967546445472)
(135.04994180064068, 124.50580302529576)
(130.93698413120526, 123.36772511400719)
(126.99874118049571, 121.82085942336313)
(123.14697356108886, 119.59341780196574)
(119.42867713058598, 116.71456688172884)
(115.9635513907874, 113.37526920422253)
(112.87199468440231, 109.76804252330025)
(110.27473292667715, 106.05104181608316)
(108.29457944644177, 102.1634497140954)
(107.0551669140328, 97.95849888033118)
(106.68012993741628, 93.28921871800382)
(107.23768017322065, 88.1052376240725)
(108.54563781405868, 82.7926018130752)
(110.35114508912672, 77.86054509568446)
(112.40137503440958, 73.81822365022636)
(114.55851690156662, 70.89563537091695)
(117.05578311420796, 68.4222599820816)
(120.20105813142204, 65.54633913502389)
(124.30116037091892, 61.41822029289054)
(129.38579467570386, 55.73564903986027)
(134.83917477935682, 49.47144606539335)
(139.95379564659711, 43.779609331812026)
(144.02816807162515, 39.8044492852101)
(146.83659123168744, 37.92409646307345)
(148.96576343134547, 37.20844456630679)
(151.08182265882894, 36.599462588651555)
(153.839033941624, 35.05807845616167)
(157.45601985425955, 32.24086088376271)
(161.60004196295097, 28.684800602585195)
(165.90294181882302, 24.983447586487504)
(170.0103616182049, 21.70239214487455)
(173.8541504156803, 18.82737867395104)
(177.6360303568498, 15.797397345154167)
(181.56825394247403, 12.030104168184646)
(185.8495442730672, 7.010634602975644)
(190.50188609498983, 1.1056271144615137)
(195.42326313495136, -4.699810389442253)
(200.50909418525282, -9.407777093478071)
(205.64951373240035, -12.162489437054285)
(210.68831600620518, -13.35444867292084)
(215.44528694716504, -14.019840141540772)
(219.7400096211389, -15.200305337459344)
(223.42297127246832, -17.7757113610214)
(226.53348288295422, -21.637487915470224)
(229.1821524146776, -26.303845729805822)
(231.47971995994683, -31.292303869681497)
(233.51724018616616, -36.19307197998322)
(235.30037269467158, -40.9116903040839)
(236.811626797584, -45.43918405409351)
(238.0335260515573, -49.76659735869766)
(238.97846596103764, -53.92032944389412)
(239.7514379128765, -58.03637186812546)
(240.47532091584063, -62.27188717667126)
(241.27245680710706, -66.78365207575774)
(242.14864999474344, -71.64473688758697)
(242.84837736573982, -76.74050587286561)
(243.08055144584597, -81.93077815969939)
(242.55615042133124, -87.07547003142201)
(241.13283950216646, -92.04139697431901)
(238.9097933475071, -96.70673350741949)
(236.0087075282868, -100.95071338687559)
(232.55266045805993, -104.65830849069184)
(228.71173438639534, -107.90953367172597)
(224.71342809472605, -111.02265436258938)
(220.7887319212311, -114.33042425200988)
(217.15218196054494, -118.1406992914035)
(213.6969626405641, -122.27508218325359)
(210.02374988140167, -126.11256640478256)
(205.72254998909412, -129.01600070752338)
(200.42716923049576, -130.40957761808897)
(194.31538061673007, -130.4793390572448)
(187.93316325313495, -129.92701580496393)
(181.83345721972333, -129.46408779297383)
(176.50887417695992, -129.69876784449372)
(171.94621646326024, -130.37345020943715)
(167.8797973411609, -130.79833122849737)
(164.0420693171341, -130.28042209513782)
(160.18464375688097, -128.28413255591582)
(156.17140202214665, -125.19622032826663)
(151.90699512524256, -121.73838394905593)
(147.29613168061053, -118.63279518228484)
(142.29927813851802, -116.40607429020838)
(137.10916088607323, -114.77026939873883)
(131.9789731124964, -113.22536204648412)
(127.16185494202045, -111.2714413399799)
(122.83856863671272, -108.55560196908105)
(118.974247616129, -105.16289911079137)
(115.49404910389127, -101.25958299024335)
(112.32282172994502, -97.0120315270896)
(109.32879224773714, -92.61005249002577)
(106.25792675573092, -88.29404449474033)
(102.84026165241603, -84.31099778702583)
(98.80954718047502, -80.9043216427791)
(94.13753124710284, -78.0879427780204)
(89.17385400288255, -75.51141593248624)
(84.30173708884729, -72.79191583744186)
(79.89631622845756, -69.55731403735678)
(76.07747262029766, -65.77315679907315)
(72.66413196803305, -61.80312265856147)
(69.45791606937163, -58.033781388070445)
(66.2617979136765, -54.82506927696376)
(62.90363666641875, -52.04638854166854)
(59.23315811023619, -49.13612617421309)
(55.10083213831638, -45.51800192416553)
(50.37902892641553, -40.69006991220538)
(45.19891666595626, -35.028801589017725)
(39.860649724311685, -29.48424461723653)
(34.66729105214331, -25.016319030266377)
(29.89957026260473, -22.448512141938725)
(25.659104308506564, -21.510125170821922)
(21.96138141462837, -21.40430525774744)
(18.82134117733037, -21.330848012795798)
(16.25392319297172, -20.48954904604751)
(14.274067057911928, -18.08020396758313)
(12.896712368510425, -13.302608387482623)
(12.136798721126992, -5.356557915827386)
