(-2.447973, 0.125932)
(-9.293272655472347, 6.055688447200097)
(-15.288751850718638, 11.26002378181647)
(-20.55611129668177, 15.841347694540971)
(-25.21705170430465, 19.90206987606547)
(-29.393273784530173, 23.544600017081823)
(-33.20647824830124, 26.8713478082819)
(-36.77836580656075, 29.98472294035755)
(-40.23063717025161, 32.98713510400063)
(-43.68499305031672, 35.980993989903034)
(-47.26313415769897, 39.068709288756594)
(-51.08676120334127, 42.352690691253166)
(-55.27757489818651, 45.93534788808464)
(-59.957275341002905, 49.919090067641335)
(-65.1905318006661, 54.35953148746604)
(-70.82880790362738, 59.137346932673275)
(-76.67375439427413, 64.09233872736135)
(-82.52702201699364, 69.06430919562862)
(-88.19026151617325, 73.89306066157346)
(-93.46512363620025, 78.41839544929418)
(-98.16244344591597, 82.4872934947497)
(-102.2741712793596, 86.08827754220609)
(-105.95806710221498, 89.33945168779215)
(-109.3780065951856, 92.3636995004093)
(-112.69786543897503, 95.28390454895883)
(-116.08151931428684, 98.22295040234214)
(-119.6928404411891, 101.30371819392991)
(-123.65268734386792, 104.61881682058574)
(-127.93159770711257, 108.15506217745904)
(-132.4672911286199, 111.87617340240368)
(-137.19748720608686, 115.74586963327346)
(-142.0599055372101, 119.72787000792218)
(-146.99226571968663, 123.7858936642037)
(-151.93265060868012, 127.88295235106739)
(-156.82564118828833, 131.96940369545166)
(-161.62142688101525, 135.9846837398507)
(-166.27038121853727, 139.86787000202716)
(-170.7228777325308, 143.55803999974364)
(-174.92928995467219, 146.9942712507628)
(-178.84000122112, 150.1156521257959)
(-182.44386464321565, 152.90385463080926)
(-185.85545795482463, 155.47972006617553)
(-189.2150014973608, 157.99247449515295)
(-192.66271561223797, 160.59134398099974)
(-196.3388206408701, 163.42555458697424)
(-200.383536924671, 166.6443323763347)
(-204.92855588044785, 170.38808975122123)
(-209.96667112652915, 174.65370423894478)
(-215.37767283613505, 179.32127732337614)
(-221.03807033395168, 184.26752010935337)
(-226.8243729446653, 189.3691437017145)
(-232.6130899929621, 194.50285920529763)
(-238.28075195088675, 199.54539497127283)
(-243.74111394054327, 204.40383721691526)
(-249.0217550279004, 209.07809914489454)
(-254.17193473933986, 213.58577505127553)
(-259.24091260124317, 217.9444592321232)
(-264.27794813999196, 222.1717459835024)
(-269.33230088196785, 226.28522960147808)
(-274.45124034302694, 230.3033255740072)
(-279.65243619881187, 234.25666397207274)
(-284.9308621015616, 238.18524054093973)
(-290.28091305742703, 242.1292898082663)
(-295.6969840725588, 246.12904630171076)
(-301.173470153108, 250.22474454893117)
(-306.70475672007933, 254.45659603107677)
(-312.2760607054395, 258.8427675298735)
(-317.8463538517723, 263.33832193840675)
(-323.3699416196519, 267.8871025492474)
(-328.80112946965266, 272.4329526549668)
(-334.09422286234866, 276.91971554813614)
(-339.20352725831424, 281.2912345213264)
(-344.0849823115961, 285.49249295119904)
(-348.71679341976056, 289.4840077606989)
(-353.093252454386, 293.2375184932232)
(-357.2090085427843, 296.72501392923004)
(-361.0587108122676, 299.9184828491776)
(-364.6370083901476, 302.7899140335239)
(-367.9386067578299, 305.31137822703016)
(-370.99125490740204, 307.50300636247414)
(-373.9113058106453, 309.5137995754416)
(-376.82980851820935, 311.51413373740235)
(-379.8778120807439, 313.6743847198265)
(-383.18636554889883, 316.164928394184)
(-386.8865179733238, 319.15614063194494)
(-391.0992975204054, 322.80407985124975)
(-395.82033683670494, 327.085644183014)
(-400.9599298502504, 331.85580308522225)
(-406.42673478676255, 336.967188987426)
(-412.12940987196225, 342.27243431917697)
(-417.97661333157015, 347.6241715100267)
(-423.8769523228625, 352.87507511896666)
(-429.719098395456, 357.8942657901154)
(-435.3416173890535, 362.59219938970637)
(-440.57532787115906, 366.8857229760679)
(-445.2510484092769, 370.6916836075284)
(-449.19959757091124, 373.92692834241586)
(-452.2517939235661, 376.508304239059)
(-454.2655510533357, 378.3675466276728)
(-455.4109144362423, 379.6079022336942)
(-456.05796095815145, 380.4425317878157)
(-456.5800414957898, 381.0863950254417)
(-457.3505069258842, 381.7544516819762)
(-458.7427081251614, 382.66166149282367)
(-461.1291053257499, 384.02273202397095)
(-464.63639413210507, 385.9827871678931)
(-468.81191485729164, 388.52291716492704)
(-473.11957244229876, 391.60058908496086)
(-477.0232718281161, 395.17326999788264)
(-479.98691795573313, 399.19842697358064)
(-481.4744157661395, 403.63352708194276)
(-481.0032691556499, 408.425121060745)
(-478.660630130226, 413.40374119340504)
(-474.8772853847277, 418.329932757688)
(-470.08876561109685, 422.963274836265)
(-464.7306015012755, 427.06334651180714)
(-459.2383237472055, 430.3897268669853)
(-454.04654241186233, 432.7026502050681)
(-449.401968696862, 433.8960802780546)
(-445.1356039645918, 434.159845577251)
(-441.02274242763883, 433.72342191475707)
(-436.8386782985906, 432.81628510267217)
(-432.35870579003455, 431.6679109530961)
(-427.3581191145581, 430.5077752781285)
(-421.64245993422026, 429.5480971851038)
(-415.3144208546865, 428.83156591374427)
(-408.6453542598749, 428.30464731800174)
(-401.90854837046976, 427.91270282272325)
(-395.3772914071552, 427.60109385275564)
(-389.3248715906155, 427.31518183294594)
(-384.0234475214279, 427.0003495651202)
(-379.56850743282723, 426.6053231686781)
(-375.68848213926856, 426.08577497328173)
(-372.0660851814762, 425.39824246423285)
(-368.38403010017413, 424.4992631268334)
(-364.32503043608676, 423.34537444638505)
(-359.57179972993833, 421.8931139081898)
(-353.8515585573939, 420.10804729537466)
(-347.29638904629, 418.037866973436)
(-340.2544854722589, 415.7741038793804)
(-333.0760695815484, 413.4087002247152)
(-326.11136312040577, 411.03359822094717)
(-319.71058783507846, 408.7407400795834)
(-314.22244123076433, 406.62174148076144)
(-309.8077024239795, 404.72796118541527)
(-306.2602953539115, 403.0321682042326)
(-303.3317297056462, 401.4980453312066)
(-300.7735151642694, 400.0892753603303)
(-298.33716141486696, 398.7695410855968)
(-295.77417814252453, 397.5025253009992)
(-292.85663093874064, 396.2475585776301)
(-289.52999663286073, 394.9272557930287)
(-285.8267609936835, 393.4458097570692)
(-281.78006355618055, 391.70727486023236)
(-277.4230438553233, 389.6157054929988)
(-272.78884142608297, 387.075156045849)
(-267.9110059256757, 383.9906901315719)
(-262.86387582919724, 380.3677438384573)
(-257.79665088042645, 376.39597067631723)
(-252.86655353188783, 372.28476630928174)
(-248.23080623610554, 368.24352640148055)
(-244.04663144560433, 364.4816466170438)
(-240.47125161290847, 361.2085226201012)
(-237.6306324038839, 358.59977038299365)
(-235.40586235761825, 356.5663633874856)
(-233.56260288904085, 354.8945312406504)
(-231.8658377118033, 353.3697711473309)
(-230.08055053955746, 351.7775803123699)
(-227.971725085955, 349.90345594061)
(-225.30584229510342, 347.5343517837912)
(-221.9718282377007, 344.57633957479425)
(-218.0699902664485, 341.14112856156027)
(-213.72159993878574, 337.360822546016)
(-209.04792881215133, 333.3675253300881)
(-204.17024844398424, 329.29334071570344)
(-199.2098303917234, 325.2703725047888)
(-194.27867261891726, 321.41564798661204)
(-189.42121957726192, 317.736369566085)
(-184.6520188904473, 314.19113498511433)
(-179.98548513157962, 310.738325679088)
(-175.43603287376513, 307.33632308339423)
(-171.01807669011004, 303.9435086334209)
(-166.74541059543486, 300.51833669457153)
(-162.5894209154204, 297.02424552095084)
(-158.45260051422156, 293.43276994894325)
(-154.23113037380125, 289.7161866077308)
(-149.82119147612227, 285.8467721264951)
(-145.1189648031474, 281.7968031344181)
(-140.0206313368395, 277.53855626068145)
(-134.44459069737954, 273.055278625903)
(-128.45989700801857, 268.40460327478365)
(-122.19816626799937, 263.67505328759063)
(-115.79121758262878, 258.9552520285647)
(-109.37087005721364, 254.33382286194694)
(-103.06894279706073, 249.89938915197828)
(-97.01622604307097, 245.74069069033288)
(-91.28394878495136, 241.95320728568706)
(-85.85224700557646, 238.6427269320313)
(-80.69356239663368, 235.91590831784922)
(-75.7803366498105, 233.87941013162447)
(-71.08501145679426, 232.63989106184073)
(-66.58002850927244, 232.3040097969816)
(-62.244303901935034, 232.9420415268142)
(-58.09765508033812, 234.39441256605824)
(-54.175826747483875, 236.41204455222922)
(-50.51459950306254, 238.74565739812508)
(-47.14975394676448, 241.14597101654394)
(-44.11707067828006, 243.36370532028374)
(-41.45131009134288, 245.15354383051513)
(-39.13661182392246, 246.46683707476103)
(-37.08420396101069, 247.53820469883655)
(-35.19964931359068, 248.6242765390935)
(-33.388510692645525, 249.98168243188377)
(-31.556350909158326, 251.86705221355925)
(-29.608732774112163, 254.53701572047174)
(-27.487143524698702, 258.2040997436725)
(-25.344687997427535, 262.82103623392914)
(-23.411695233130636, 268.24575193727884)
(-21.91860734660918, 274.3360347831673)
(-21.095866452664062, 280.949672701041)
(-21.1739146660964, 287.9444536203455)
(-22.377878682319995, 295.1775923990318)
(-24.70452624320809, 302.4816838232429)
(-27.840762198337625, 309.6559154203294)
(-31.451397691570644, 316.4970927281773)
(-35.201243866769836, 322.802021284674)
(-38.75511186779719, 328.3675066277057)
(-41.77781283851537, 332.99035429515965)
(-44.00299178062011, 336.5309335079517)
(-45.54263472917632, 339.1989873311938)
(-46.63803113344494, 341.32366229644964)
(-47.530582527129, 343.2342084381255)
(-48.46169044393132, 345.2598757906274)
(-49.672756417554915, 347.7299143883618)
(-51.4004738364401, 350.96771352394467)
(-53.70484767718542, 355.0767191574619)
(-56.419960713377016, 359.8791472480885)
(-59.36515394122922, 365.17886305724414)
(-62.359768356956806, 370.7797318463493)
(-65.223144956774, 376.4856188768233)
(-67.77462473689555, 382.10038941008673)
(-69.8664921986, 387.45126973578186)
(-71.52008069535515, 392.48536273225477)
(-72.81079935558586, 397.1881177046346)
(-73.81408145500559, 401.5450010814717)
(-74.6053602693276, 405.54147929131545)
(-75.26006907426535, 409.1630187627162)
(-75.85165554468074, 412.39688643559396)
(-76.38796898656894, 415.28983281069674)
(-76.79780237573219, 417.96029541555475)
(-77.00524207854747, 420.53097965650215)
(-76.93437446139164, 423.1245909398729)
(-76.50928589064159, 425.8638346720012)
(-75.65406273267428, 428.8714162592209)
(-74.3183349951147, 432.2376853058859)
(-72.5741592236991, 435.8979152944387)
(-70.53022666915467, 439.7409749974851)
(-68.29523527832123, 443.6557247057513)
(-65.97788299803855, 447.5310247099633)
(-63.68686777514612, 451.25573530084756)
(-61.528068140613435, 454.7231305827755)
(-59.52480259722939, 457.9557329142614)
(-57.606595148006264, 461.12290054536976)
(-55.69789201492056, 464.4019410249758)
(-53.72313941994916, 467.9701619019538)
(-51.60678358506854, 472.00487072517893)
(-49.27327073225559, 476.6833750435256)
(-46.66534217768994, 482.13495698262255)
(-43.80766402683481, 488.2738425095461)
(-40.74782474713024, 494.9540853876375)
(-37.53341389648947, 502.02973651769827)
(-34.21202103282514, 509.35484680053116)
(-30.8312357140505, 516.7834671369379)
(-27.437918541220288, 524.1719419754265)
(-24.059895241937756, 531.4365059896264)
(-20.704603750423708, 538.557540827325)
(-17.378482060079484, 545.5185742922819)
(-14.087968164305767, 552.303134188258)
(-10.83950005650372, 558.8947483190135)
(-7.639515730074502, 565.2769444883086)
(-4.497944271047907, 571.4325394543262)
(-1.439323620245848, 577.3413745281024)
(1.5079875797183266, 582.9825128422058)
(4.315630673807378, 588.335017526674)
(6.955247006984619, 593.3779517115456)
(9.398477924212843, 598.090378526858)
(11.61889630002602, 602.4537878563593)
(13.635294357753718, 606.5064827043942)
(15.512129324943295, 610.3441391127519)
(17.315879092484067, 614.0649718636771)
(19.113021551265714, 617.7671957394144)
(20.97003459217757, 621.5490255222081)
(22.953396098461766, 625.5086759824856)
(25.111183191380036, 629.7159272794812)
(27.419511467218832, 634.1293577653703)
(29.836907409704565, 638.6803654191783)
(32.3218975025641, 643.3003482199316)
(34.83300822952382, 647.9207041466555)
(37.32876607431061, 652.4728311783765)
(39.76871488762358, 656.8899840267767)
(42.133855152542964, 661.144576557628)
(44.42561712239283, 665.2463077291048)
(46.64624289019575, 669.2063581371006)
(48.797974548974786, 673.0359083775093)
(50.88305419175252, 676.7461390462242)
(52.90372422017872, 680.3482311832443)
(54.87462561810746, 683.8712070369363)
(56.85571914083699, 687.4093027222348)
(58.91731750628444, 691.0716505348676)
(61.12973343236733, 694.9673827705635)
(63.56327963700276, 699.2056317250501)
(66.2882688381083, 703.8955296940561)
(69.37050428893491, 709.1392965101674)
(72.78974187714782, 714.9072518166735)
(76.4484937222901, 721.0513099161792)
(80.24652963102146, 727.4191814777909)
(84.08361941000089, 733.8585771706136)
(87.85953286588807, 740.2172076637532)
(91.47404316220913, 746.342787832941)
(94.85376497206272, 752.1166687330847)
(98.01703936287568, 757.5351474666121)
(101.00178465117722, 762.6190541770909)
(103.84591915349701, 767.3892190080896)
(106.58736118636419, 771.8664721031757)
(109.2640290663084, 776.0716436059179)
(111.91357845629938, 780.0266873460488)
(114.56911303498455, 783.7730314822239)
(117.25988427674524, 787.3685846984305)
(120.01502218192171, 790.8717753696905)
(122.86365675085369, 794.341031871025)
(125.83491798388141, 797.8347825774565)
(128.95792486195623, 801.4114436076073)
(132.2296174708477, 805.0936398596893)
(135.54408370175446, 808.7895980978283)
(138.77490582961607, 812.3847375588231)
(141.79566612937137, 815.7644774794721)
(144.47994687595974, 818.8142370965745)
(146.70133034432016, 821.4194356469285)
(148.3424094930287, 823.4754829425326)
(149.42810433561115, 825.0355935971912)
(150.09686602085623, 826.278859615379)
(150.49030478757814, 827.3878756355259)
(150.7500308745914, 828.5452362960623)
(151.01765452071044, 829.933536235418)
(151.43474063641543, 831.735345650641)
(152.07882609598641, 834.0987103354136)
(152.83593655170193, 837.0684117781253)
(153.55644569333003, 840.6700076582296)
(154.09072721063848, 844.9290556551789)
(154.28915479339523, 849.871113448427)
(154.00210213136822, 855.5217387174263)
(153.09204915784554, 861.8959363410854)
(151.59630299181651, 868.856317401059)
(149.6835931592235, 876.1509343675402)
(147.52585224088995, 883.5250476638546)
(145.29501281763896, 890.7239177133284)
(143.16300747029405, 897.492804939287)
(141.30169355465506, 903.5771046114518)
(139.82247724161945, 908.8305752011124)
(138.66746160471726, 913.4104634518886)
(137.74933531928028, 917.5267435827351)
(136.98078706064032, 921.3893898126073)
(136.27450550412917, 925.2083763604602)
(135.54317932507857, 929.1936774452496)
(134.7031925327559, 933.5466611930624)
(133.71985595651623, 938.3547496659056)
(132.5931327353742, 943.6246628836373)
(131.32371951502276, 949.3614125965231)
(129.9123129411546, 955.5700105548299)
(128.35960965946273, 962.2554685088231)
(126.66634676025184, 969.4226779643811)
(124.85380719672091, 977.0154462780436)
(122.99718658985931, 984.8172950365341)
(121.18041659684792, 992.5857730386679)
(119.48742887486725, 1000.0784290832613)
(118.00215508109815, 1007.0528119691298)
(116.80852687272119, 1013.2664704950897)
(115.9842002433292, 1018.4961778990506)
(115.53045629879857, 1022.7526690321735)
(115.39762775727966, 1026.202750555886)
(115.53511970562725, 1029.0160707739535)
(115.89233723069613, 1031.3622779901411)
(116.41868541934109, 1033.4110205082136)
(117.06367301573816, 1035.3318583439984)
(117.8126457226056, 1037.2638281395546)
(118.7391111183357, 1039.2708765183452)
(119.92989054596417, 1041.4056103855362)
(121.47180534852693, 1043.7206366462945)
(123.45167686905958, 1046.2685622057859)
(125.9563264505981, 1049.101993969177)
(129.05609616331054, 1052.2618548361156)
(132.63656204047416, 1055.6580663318484)
(136.4672501371422, 1059.118269131191)
(140.3158892277815, 1062.468829615095)
(143.9502080868583, 1065.5361141645117)
(147.1379354888395, 1068.1464891603928)
(149.64737309837315, 1070.1267150254891)
(151.38914910696616, 1071.4014463384813)
(152.6023611975252, 1072.1212635424638)
(153.57229435770088, 1072.4685153482744)
(154.58423357514374, 1072.6255504667529)
(155.92346383750433, 1072.774717608739)
(157.87527013243303, 1073.098365485071)
(160.6966838115618, 1073.758249104803)
(164.35228815486218, 1074.702961943672)
(168.633787483454, 1075.7550882897408)
(173.3306380710036, 1076.7355738590013)
(178.23229619117717, 1077.4653643674462)
(183.1282181176417, 1077.7654055310677)
(187.80835776795377, 1077.457148137108)
(192.15528525312777, 1076.456041467405)
(196.25221448032846, 1074.881173218247)
(200.20860229626618, 1072.8782657026018)
(204.13390554765033, 1070.5930412334371)
(208.13758108119129, 1068.1712221237208)
(212.32908574359854, 1065.7585306864203)
(216.80713804648917, 1063.4820906415237)
(221.56765274819676, 1061.2909715556098)
(226.54937306123546, 1059.0352229608197)
(231.69042740581037, 1056.563829580664)
(236.92894420212764, 1053.7257761386518)
(242.2030518703923, 1050.3700473582926)
(247.45103782791355, 1046.3462978891798)
(252.63409508720798, 1041.6006939235094)
(257.7600256547062, 1036.2757862425174)
(262.84229529427193, 1030.5379895769213)
(267.8943697697697, 1024.553718657438)
(272.92971484506353, 1018.4893882147845)
(277.96179628401705, 1012.5114129796785)
(283.00368421114166, 1006.7688155594536)
(288.0649396664292, 1001.2563608255815)
(293.1532887144542, 995.8881489770174)
(298.27644139358654, 990.5775757082129)
(303.4421077421969, 985.2380367136177)
(308.65799779865625, 979.7829276876821)
(313.9315767396221, 974.1262518710289)
(319.24227345577214, 968.2515755979549)
(324.51590211571624, 962.2754930202112)
(329.6722319798071, 956.329596799681)
(334.6310323083961, 950.5454795982494)
(339.3120723618357, 945.0547340777995)
(343.6351214004784, 939.9889529002152)
(347.53079886380624, 935.4634446443414)
(351.01901402034036, 931.4595106092165)
(354.1635568686621, 927.892595351464)
(357.02852200144383, 924.6776862891285)
(359.6780040113579, 921.7297708402543)
(362.1760974910764, 918.9638364228864)
(364.58648243900933, 916.295243764386)
(366.93428437825423, 913.6740688454473)
(369.1753016043309, 911.1128113277687)
(371.2580908580792, 908.6304913198502)
(373.13120888033853, 906.2461289301923)
(374.74321241194855, 903.9787442672952)
(376.0426581937485, 901.8473574396594)
(376.9897908031048, 899.8699049820134)
(377.6342156866414, 898.05603882535)
(378.06678683049995, 896.4115867681593)
(378.37857985683326, 894.9423560611627)
(378.6606703877941, 893.6541539550809)
(379.00413404553547, 892.5527877006349)
(379.49871384227976, 891.6431996871328)
(380.13167265041375, 890.8638228801742)
(380.716914366326, 890.040580586345)
(381.051594540688, 888.9885264664299)
(380.93286872417093, 887.5227141812132)
(380.1578924674464, 885.4581973914802)
(378.52382132118584, 882.6100297580148)
(375.8790291196565, 878.8361580137218)
(372.4361379176361, 874.2995708432277)
(368.56559929592373, 869.295432255419)
(364.63850012789294, 864.1194382889233)
(361.0259272869174, 859.0672849823695)
(358.09896764637193, 854.4346683743868)
(356.22531698886917, 850.5139963047443)
(355.55370917655404, 847.3853583982772)
(355.8842633893943, 844.7908072053292)
(356.9860058826517, 842.4422457677985)
(358.62796291158827, 840.0515771275826)
(360.5791607314661, 837.3307043265792)
(362.6086255975473, 833.9915304066858)
(364.5116891384519, 829.7893676957221)
(366.2578734629298, 824.7669787034037)
(367.88750744248557, 819.0839716868036)
(369.44112475504846, 812.9002928757935)
(370.9592590785472, 806.3758885002463)
(372.4824440909111, 799.6707047900335)
(374.05066708081137, 792.9440774553034)
(375.6739059442821, 786.3218105695148)
(377.3171525808346, 779.8794421407748)
(378.9417024265383, 773.6883798547036)
(380.5088509174627, 767.8200313969214)
(381.97989348967695, 762.3458044530499)
(383.31612557925024, 757.3371067087094)
(384.48994679169056, 752.8369871873626)
(385.5422838522343, 748.7134852057305)
(386.5401788475748, 744.767944708423)
(387.5507252725974, 740.8015783499465)
(388.64101662218735, 736.6155987848075)
(389.8781463912301, 732.0112186675126)
(391.3282819256839, 726.7937917126517)
(393.0138374601068, 720.9643035227909)
(394.89545066550875, 714.7999592737522)
(396.9290933664115, 708.5988263915681)
(399.07073738733607, 702.6589723022731)
(401.27635455280415, 697.2784644319003)
(403.5019166873372, 692.7553702064827)
(405.7174218216043, 689.3302184002207)
(407.9735998825728, 686.9123573936927)
(410.3500068427271, 685.2928846463604)
(412.92623454547686, 684.2627504670845)
(415.78187483423153, 683.6129051647251)
(418.99651955240046, 683.1342990481428)
(422.64779358852775, 682.620346377539)
(426.7326170189084, 681.9655581560594)
(431.14055079040605, 681.1989312744703)
(435.7537215612205, 680.358775356561)
(440.45425598955114, 679.4834000261209)
(445.1242807335976, 678.6111149069391)
(449.6459224515584, 677.7802296228051)
(453.9327646258082, 677.0212019804002)
(458.0673669861346, 676.3223122740498)
(462.18878316995824, 675.6577395706963)
(466.43610680928344, 675.001652954387)
(470.948431536116, 674.3282215091696)
(475.86485098246095, 673.611614319091)
(481.3198401672646, 672.8260156996195)
(487.2818907472897, 671.9461573518403)
(493.5114111688616, 670.9474572007782)
(499.75563619196674, 669.8053766160924)
(505.76180057659235, 668.4953769674421)
(511.2771390827238, 666.9929196244861)
(516.0488864703482, 665.2734659568838)
(519.8786801836836, 663.322604117896)
(522.8410309809136, 661.1767162434774)
(525.0958222445474, 658.888076150376)
(526.8029665922222, 656.50896309731)
(528.1223766415752, 654.0916563429976)
(529.213965010243, 651.6884351461578)
(530.2350506254369, 649.3503407467095)
(531.260700888094, 647.0891541340922)
(532.2687901033779, 644.8702641460378)
(533.231584448053, 642.6563827517076)
(534.1213500988837, 640.4102219202623)
(534.9103532326341, 638.0944936208625)
(535.5708600260688, 635.6719098226683)
(536.0797375907184, 633.1085324679694)
(536.4354100584318, 630.3861193179384)
(536.6426097013863, 627.4910211353139)
(536.7060695806706, 624.4095892572469)
(536.630522757374, 621.1281750208893)
(536.4207022925852, 617.6331297633918)
(536.0815149475302, 613.9112238727572)
(535.6227601611266, 609.9610313014003)
(535.0596876763934, 605.7942748375199)
(534.4078328691928, 601.4233663573528)
(533.6827311153874, 596.8607177371354)
(532.8999177908394, 592.1187408531048)
(532.0749282714117, 587.2098475814978)
(531.2216960946831, 582.1349130133935)
(530.3471421236738, 576.844305443647)
(529.4562686940319, 571.2745755187693)
(528.5540780936497, 565.3622735413204)
(527.6455726104193, 559.0439498138601)
(526.7357545322327, 552.2561546389477)
(525.8297619701823, 544.9420666078686)
(524.9361509967762, 537.2116637624584)
(524.0670674430335, 529.3501074407553)
(523.2348273484984, 521.6508653028948)
(522.4517467527153, 514.4074050090146)
(521.730141695228, 507.91319421925084)
(521.0823282155809, 502.4617005937395)
(520.5155005972431, 498.23898093553026)
(520.0158987192794, 494.99164696204434)
(519.5644043612975, 492.35394306070583)
(519.1418993006782, 489.96011357223813)
(518.7292653148022, 487.4444028373647)
(518.3073841810507, 484.4410551968093)
(517.860396692902, 480.5958654530949)
(517.4460942024058, 475.8156574855537)
(517.1951998472124, 470.2657368067181)
(517.2415520221417, 464.12244988683534)
(517.7189891220137, 457.5621431961531)
(518.7613495416481, 450.7611632049185)
(520.5024715122482, 443.8958562684362)
(523.0258742257856, 437.1072184811733)
(526.2226767400668, 430.4010805005897)
(529.9380200605603, 423.75097236458384)
(534.017045192733, 417.13042411105596)
(538.3048931420528, 410.5129657779042)
(542.6467049139875, 403.87212740302766)
(546.8916646330058, 397.1830769483008)
(550.9713915768821, 390.45437800755286)
(554.8944698366903, 383.72577369542387)
(558.6724309372553, 377.03820117313296)
(562.3168064034026, 370.4325976018989)
(565.8391277599562, 363.9499001429423)
(569.2509261101776, 357.6310461534312)
(572.5548710291971, 351.5210919607855)
(575.7219608871662, 345.67981514018805)
(578.7161213759466, 340.1702807530242)
(581.5012781873999, 335.0555538606798)
(584.0413570133876, 330.3986995245407)
(586.3002835457705, 326.26278280599365)
(588.2430375368183, 322.70384062175685)
(589.8540688711231, 319.6480891442438)
(591.1349654816393, 316.90747340700875)
(592.0879005637855, 314.2900360967988)
(592.7150473129803, 311.6038199003606)
(593.0185789246426, 308.65686750444064)
(593.0006714424565, 305.2572358008546)
(592.6790838884145, 301.29069819786804)
(592.1236507710793, 296.9027426030208)
(591.4150718702792, 292.2930449626456)
(590.6340469658427, 287.661281223075)
(589.8612758375981, 283.20712733064266)
(589.1774582653743, 279.13025923168124)
(588.6554100846889, 275.61758914247997)
(588.2355215039678, 272.6416385012541)
(587.7483002578078, 269.9970342587388)
(587.0209280417998, 267.4730186670563)
(585.8805865515345, 264.8588339783289)
(584.1544574826029, 261.9437224446797)
(581.6697524015703, 258.5169550739508)
(578.3205763534709, 254.43219883523204)
(574.2101532681397, 249.7444319750377)
(569.4824592541559, 244.54786340605753)
(564.2814704200969, 238.93670204098)
(558.7511628745408, 233.00515679249406)
(553.0355127260648, 226.84743657328798)
(547.2770679098458, 220.55929101147382)
(541.5964891711217, 214.2600816656349)
(536.0973198015205, 208.08763642674813)
(530.8826469707471, 202.18027525074464)
(526.0555578485079, 196.6763180935572)
(521.7191396045073, 191.7140849111169)
(517.9764086824805, 187.43181526990546)
(514.8487902785183, 183.87500945724435)
(512.1189740755085, 180.81781317226253)
(509.52621516974364, 177.9850029431581)
(506.809768657517, 175.10135529812914)
(503.7088896351221, 171.89164676537447)
(499.96283319885185, 168.0806538730923)
(495.33497257056683, 163.41747340084703)
(489.9269362309582, 157.99229218919504)
(484.0896358722835, 152.146669447983)
(478.1797856517126, 146.22801548045274)
(472.5540997264155, 140.58374058984657)
(467.56929225356185, 135.56125507940638)
(463.5818161797899, 131.5077119246069)
(460.7697299392358, 128.5945213340336)
(458.8222372242099, 126.51150535680134)
(457.3455532319441, 124.86673112960914)
(455.945893159671, 123.2682657891565)
(454.2294722046223, 121.32417647214248)
(451.80250556403035, 118.64253031526626)
(448.30174498069573, 114.86216190749647)
(443.756944717076, 110.01788010536029)
(438.4707113306308, 104.41940927422051)
(432.751150418344, 98.38201440078193)
(426.9063675771987, 92.2209604717487)
(421.24446840417994, 86.25151247382684)
(416.0732722313563, 80.78863989409508)
(411.5735834712185, 76.01619988539959)
(407.6000309967087, 71.78135186065298)
(403.9556123324654, 67.87795829239103)
(400.44332500312714, 64.0998816531499)
(396.8661665333324, 60.240984415465434)
(393.0271344477204, 56.095129051874565)
(388.75182092345386, 51.48000243947827)
(384.1333170907122, 46.49534948971046)
(379.43961853050706, 41.425339034328594)
(374.941742133181, 36.557325654272816)
(370.91070478907466, 32.17866393048173)
(367.61752338852983, 28.576708443894475)
(365.3325959307539, 26.038170799423778)
(364.1356860754532, 24.65170949798788)
(363.6474932162704, 24.02905373666165)
(363.4210136072894, 23.711594823895545)
(363.0092435025937, 23.240724068139972)
(361.965179156267, 22.15783277784544)
(359.8418168223932, 20.004312261462378)
(356.2402537652355, 16.37344346521787)
(351.2866041922096, 11.424876708976823)
(345.4301589203191, 5.6668936021918475)
(339.1249378599657, -0.3871226700100472)
(332.8249609215509, -6.223788922501965)
(326.98424801547816, -11.329721970155305)
(322.0558477558595, -15.192389026367545)
(318.27455583900183, -17.490344165707604)
(315.38201360159974, -18.33391263721108)
(313.052163261073, -17.892692263844896)
(310.95894703484083, -16.336280868576292)
(308.7763071403227, -13.834276274372334)
(306.17818579493763, -10.556276304199773)
(302.8730331876704, -6.6736653914806)
(298.91724207723587, -2.3758422951492415)
(294.568755102231, 2.137359213132748)
(290.08797940618507, 6.665977764801899)
(285.7353221326286, 11.010051991293427)
(281.7711904250908, 14.969620524043872)
(278.45513197647625, 18.345433435929525)
(275.90031152702096, 21.059414600400476)
(273.9093443068702, 23.29055651616724)
(272.24520615676715, 25.25066462483247)
(270.6708729174551, 27.15154436799876)
(268.9493204296775, 29.205001187268135)
(266.84352453417796, 31.622840524243166)
(264.1397876165065, 34.59576610197527)
(260.8420760449877, 38.11757789539477)
(257.0729523152726, 42.07479114777522)
(252.95617137997453, 46.35284237892649)
(248.61548819170784, 50.83716810865811)
(244.17465770308613, 55.41320485678008)
(239.75708171637132, 59.966725241718834)
(235.43916168574617, 64.42823283544051)
(231.20362606362332, 68.81738124520476)
(227.02209944616175, 73.1643917889051)
(222.86620642952158, 77.49948578443394)
(218.70757160986165, 81.8528845496848)
(214.51781958334143, 86.25480940255088)
(210.27074939332152, 90.72744771017989)
(205.9589676098002, 95.22349849227594)
(201.58471479547512, 99.66006596413516)
(197.15030965615358, 103.95396562496542)
(192.65807089764238, 108.02201297397487)
(188.1103172257495, 111.78102351037055)
(183.50976456436098, 115.14818722372668)
(178.90146910685746, 118.0806117807127)
(174.40980673041346, 120.61018608020788)
(170.16787304347636, 122.77701983360738)
(166.3087636544937, 124.62122275230605)
(162.96557417191298, 126.18290454769883)
(160.27140020418244, 127.50217493118029)
(158.32690045422393, 128.61307767663754)
(156.9723023734036, 129.50095401770474)
(155.92248385597296, 130.12770390815967)
(154.8915213183678, 130.45507741959295)
(153.5934911770238, 130.44482462359525)
(151.7424698483767, 130.05869559175724)
(149.05492180683436, 129.2590904824033)
(145.4553710776555, 128.0650482605458)
(141.23490858487, 126.59539620484429)
(136.72193865832742, 124.97911919917517)
(132.2448656278769, 123.34520212741452)
(128.13209382336902, 121.82262987343903)
(124.71202757465282, 120.54038732112477)
(122.26187122851174, 119.60167592315302)
(120.67675363862665, 118.91729048287087)
(119.67910736108664, 118.3110589173114)
(118.9905188094719, 117.60638304068783)
(118.33257439736256, 116.62666466721328)
(117.42686053833891, 115.19530561110119)
(115.99773727318107, 113.13715440069802)
(113.97047423503582, 110.38185329683219)
(111.60339174488513, 107.03276262064333)
(109.18614731001315, 103.20958805876367)
(107.00839843770342, 99.0320352978246)
(105.35980263523965, 94.61981002445779)
(104.53001740990553, 90.09261792529439)
(104.76033629318914, 85.56658417586418)
(105.95622492256564, 81.13297173796434)
(107.88068951801553, 76.87249693164848)
(110.29622003030742, 72.86583785621536)
(112.96530641020934, 69.19367261096487)
(115.6504386084899, 65.93667929519569)
(118.11639180662819, 63.174021987447574)
(120.26756219917954, 60.892362459487536)
(122.22621261834021, 58.93402055269176)
(124.133518095885, 57.12878631762156)
(126.13065366358877, 55.306449804838316)
(128.3587943532258, 53.296801064903896)
(130.95911519657088, 50.92963014837971)
(134.05269274529235, 48.06059490779144)
(137.63061604214832, 44.712653962713155)
(141.63225587298172, 40.97533005203189)
(145.99685053853804, 36.938316429929905)
(150.66363833956248, 32.691306350589706)
(155.57185757680074, 28.323993068193413)
(160.6601608953979, 23.926010557146228)
(165.83664580946743, 19.583900016178372)
(170.96451255079742, 15.379658162688065)
(175.90337342019993, 11.39491854542461)
(180.51284071848556, 7.711314713138454)
(184.6525267464663, 4.410480214578879)
(188.1820438049537, 1.574048598495558)
(191.00404544529803, -0.7418481770554963)
(193.28068478487674, -2.6348295351969115)
(195.2708913693019, -4.2598541452569645)
(197.23375979165678, -5.771978465847435)
(199.42838464502495, -7.3262589555802595)
(202.11386052248923, -9.077752073066932)
(205.54470363035077, -11.180162157140753)
(209.76927505102947, -13.72631043786363)
(214.55059073102302, -16.72474811299965)
(219.6307237204854, -20.17784138421872)
(224.7517470695704, -24.087956453190525)
(229.6557338284321, -28.457459521585186)
(234.0847570472233, -33.28871679107155)
(237.8138987396162, -38.56543862714497)
(240.80389761493618, -44.16640689922813)
(243.08034965421962, -49.93374777760015)
(244.66891864317802, -55.709549111040744)
(245.5952683675234, -61.33589874833125)
(245.88506261296774, -66.6548845382525)
(245.56471622363733, -71.51166372700209)
(244.6901025325505, -75.87178341054702)
(243.35551422701465, -79.85780146392639)
(241.65782694474746, -83.60283166723573)
(239.69391632346645, -87.239987800571)
(237.5606580008897, -90.90238364402708)
(235.35492761473475, -94.72313297769988)
(233.14890420303715, -98.80092515444336)
(230.88510791641534, -103.05371885998628)
(228.46365564175056, -107.34036715069574)
(225.78464017659064, -111.51968950497515)
(222.748154318483, -115.45050540122827)
(219.25429086497593, -118.99163431785777)
(215.20523008869264, -122.00414801936644)
(210.5750519164775, -124.42669456977904)
(205.42621148951443, -126.29327467663894)
(199.82659056876597, -127.64374411154702)
(193.84407091519313, -128.51795864610477)
(187.5465342897575, -128.9557740519135)
(181.00186245341988, -128.9970461005744)
(174.27817183935883, -128.66921216066396)
(167.44472946872017, -127.93882269486603)
(160.5711544246379, -126.75379772153092)
(153.7270658799726, -125.06205251081731)
(146.9820830075869, -122.81150233288443)
(140.40582498034132, -119.95006245789095)
(134.06608998042003, -116.42846314101439)
(127.97520413549104, -112.2831863133602)
(122.08122174987997, -107.65006873640634)
(116.3286042137075, -102.67050129103399)
(110.66181291709434, -97.48587485812418)
(105.02530925016286, -92.23758031855948)
(99.36355460303382, -87.06700855322093)
(93.64991974593379, -82.10139192944936)
(87.99019274299219, -77.40311078240964)
(82.5280523276068, -73.01598830242686)
(77.40718028163987, -68.98384618682323)
(72.77125838695419, -65.35050613292144)
(68.76396842541214, -62.159789838043864)
(65.52171268704234, -59.45162208546715)
(62.98353144356276, -57.160274291602406)
(60.87288476226326, -55.104611805258386)
(58.902300674742555, -53.09764775308195)
(56.78430721259993, -50.9523952617205)
(54.23143240743412, -48.48186745782088)
(50.956204290844035, -45.499077468030144)
(46.75441763584463, -41.87624123489425)
(41.77825974607206, -37.738970486831754)
(36.275250119739546, -33.280658328940454)
(30.49290927836548, -28.694698593890216)
(24.678757743470012, -24.174485114352233)
(19.08031603657156, -19.913411722996358)
(13.945104679189107, -16.104872252492882)
(9.520644192841262, -12.942260535511839)
(6.05445509904788, -10.618970404724141)
(3.794057919327476, -9.328395692799742)
(2.9869731751990414, -9.263930232408939)
(3.8807213881817324, -10.61896785622223)
(6.722823079794377, -13.586902396909663)
