(-1.90864, 3.238718)
(6.372034180390408, 1.3453840937525159)
(14.00009582642944, -0.26911900356867796)
(21.05380947558022, -1.6370729978858958)
(27.611439665305852, -2.79075959512145)
(33.75125093306948, -3.762460501197655)
(39.551507816334194, -4.584457422036827)
(45.09047485256313, -5.289032063561276)
(50.4464165792194, -5.9084661316933165)
(55.697597533766135, -6.475041332355264)
(60.92228225366645, -7.021039371469432)
(66.19873527638346, -7.578741954958132)
(71.60522113938029, -8.180430788743683)
(77.22000438012006, -8.858387578748394)
(83.12134953606588, -9.644894030894582)
(89.37416523414173, -10.56740953780441)
(95.926295872867, -11.61112603426165)
(102.66496157852525, -12.739346327127434)
(109.4768709519506, -13.915188530802514)
(116.2487325939772, -15.101770759687644)
(122.86725510543916, -16.26221112818358)
(129.21914708717063, -17.359627750691065)
(135.19828724417076, -18.359314613767513)
(140.7970782937822, -19.256464245230738)
(146.07952143956285, -20.06799677253006)
(151.11123026672135, -20.81132162372452)
(155.9578183604663, -21.503848226873185)
(160.68489930600637, -22.162986010035095)
(165.3580866885502, -22.806144401269314)
(170.04290438633427, -23.450538557668555)
(174.80277173252225, -24.108825997210783)
(179.6989803204801, -24.789056367863523)
(184.7927273974822, -25.499075000070462)
(190.14521021080282, -26.246727224275297)
(195.81762600771626, -27.0398583709217)
(201.87117203549687, -27.886313770453366)
(208.36456292148074, -28.79354229458894)
(215.24022759543072, -29.750422723550905)
(222.27698280232227, -30.719706004949614)
(229.24135007574824, -31.662179618788436)
(235.8998509493015, -32.53863104507075)
(242.0190069565749, -33.30984776379994)
(247.3653396311614, -33.936617254979346)
(251.70671856945467, -34.37998572490219)
(254.98480596240563, -34.634354438066545)
(257.48469578145125, -34.760037634472724)
(259.5317763020921, -34.825083018603806)
(261.4514357998288, -34.897538294942834)
(263.56906255016213, -35.045451167972885)
(266.21004482859263, -35.336869342177025)
(269.69960344444206, -35.839803654784255)
(274.22004775661406, -36.590803350094596)
(279.550344832134, -37.5376228910172)
(285.3988119438036, -38.61246336765682)
(291.47376636442505, -39.74752587011825)
(297.48352536680045, -40.87501148850626)
(303.13640622373174, -41.927121312925614)
(308.140726208021, -42.836056433481104)
(312.29211137870607, -43.55260208039179)
(315.7443394748104, -44.103777976302844)
(318.7430119085298, -44.5361490017023)
(321.5337301451994, -44.89628004838911)
(324.3620956501539, -45.2307360081622)
(327.4737098887283, -45.586081772820506)
(331.1141743262573, -46.00888223416298)
(335.47903382841935, -46.537120137103855)
(340.46286250820935, -47.15717713448856)
(345.8482779889856, -47.83624006678315)
(351.4177102609352, -48.54146360496061)
(356.9535893142452, -49.24000241999395)
(362.2383451391029, -49.89901118285614)
(367.0544077256953, -50.48564456452019)
(371.21114550562623, -50.97132092191468)
(374.7607921756754, -51.36589814914159)
(377.88428392861397, -51.699604547637186)
(380.763734589028, -52.00285480869424)
(383.58125798150377, -52.3060636236055)
(386.51896793062724, -52.63964568366377)
(389.75897826098463, -53.034015680161794)
(393.4694785021352, -53.51717942035314)
(397.6210127060224, -54.082950313561525)
(402.03727187427353, -54.69973639179475)
(406.5384630086374, -55.3353429598357)
(410.9447931108627, -55.957575322467264)
(415.0764691826981, -56.53423878447236)
(418.7536982258925, -57.033138650633845)
(421.80518038318183, -57.42336177975409)
(424.26702482790506, -57.70529156477235)
(426.3896836323514, -57.911654203733875)
(428.43348925358623, -58.07666677383479)
(430.6587741486749, -58.2345463522712)
(433.32587077468287, -58.419510016239265)
(436.6951115886754, -58.66577484293508)
(441.02270485370946, -59.007160791519595)
(446.3608199792542, -59.45784094991748)
(452.46808373963796, -60.003723228840535)
(459.0803523079963, -60.62852296115693)
(465.9334818574645, -61.315955479734875)
(472.763328561178, -62.049736117442514)
(479.3057485922723, -62.813580207148064)
(485.2974060800524, -63.591233737833086)
(490.5886471117478, -64.37075610943258)
(495.2597318020972, -65.14893030214623)
(499.41865588622363, -65.92359166306598)
(503.1734150992502, -66.6925755392838)
(506.6320051762998, -67.45371727789158)
(509.9024218524955, -68.20485222598131)
(513.0926528586682, -68.94381384226622)
(516.3023385092071, -69.66646625661329)
(519.606976683492, -70.36297789722947)
(523.0777260529227, -71.02249348306921)
(526.7857452888982, -71.63415773308701)
(530.8021930628183, -72.18711536623732)
(535.1982280460821, -72.67051110147455)
(540.0450089100897, -73.07348965775319)
(545.3887734086356, -73.39400068314727)
(551.170919825359, -73.66703516258406)
(557.3052816525018, -73.93732312986104)
(563.7056922578276, -74.24959466275612)
(570.2859850090998, -74.64857983904712)
(576.9599932740815, -75.17900873651189)
(583.6415504205361, -75.88561143292821)
(590.2570345219107, -76.80229073149526)
(596.8102407473757, -77.8961311159053)
(603.3344675553955, -79.10875292408218)
(609.8630714817745, -80.38172636767844)
(616.4294090623181, -81.65662165834674)
(623.0668368328309, -82.87500900773964)
(629.8087113291182, -83.97845862750977)
(636.6796732855792, -84.91470705279743)
(643.6235218813123, -85.68868523587318)
(650.5402209907272, -86.33633707392396)
(657.3293007781654, -86.89391330873413)
(663.8902914079691, -87.39766468208812)
(670.1227230444797, -87.88384193577039)
(675.9261258520395, -88.38869581156533)
(681.2093011087143, -88.94689785523973)
(686.0170407096282, -89.56995563816803)
(690.4974421243859, -90.25178016709677)
(694.8011816839398, -90.98584317818528)
(699.0789357192416, -91.76561640759282)
(703.4813805612438, -92.58457159147873)
(708.1591925408983, -93.43618046600233)
(713.258492052549, -94.31381407608508)
(718.8095039891632, -95.20828204788901)
(724.7200280167266, -96.10768827465922)
(730.8920006894431, -97.00000706838577)
(737.2273585615176, -97.87321274105885)
(743.6280381871538, -98.71527960466854)
(749.9959761205566, -99.51418197120503)
(756.2343744822766, -100.25819554738328)
(762.3126608392414, -100.95136763517534)
(768.2976879306624, -101.62094734898639)
(774.2641069624536, -102.29604100867921)
(780.2865691405284, -103.00575493411661)
(786.4397256708004, -103.77919544516133)
(792.798227759183, -104.64546886167619)
(799.436171742937, -105.63352427347067)
(806.3421415480684, -106.74807959255509)
(813.3277094869014, -107.94369393152455)
(820.182496463871, -109.16870615424418)
(826.6961233834126, -110.3714551245793)
(832.6582111499611, -111.50027970639506)
(837.8583806679522, -112.5035187635567)
(842.0863399477817, -113.32952871706664)
(845.2447715660049, -113.94943721895446)
(847.5712222465266, -114.40186736842186)
(849.3649913449918, -114.73788916747097)
(850.9253782170459, -115.00857261810386)
(852.5516822183338, -115.26498772232262)
(854.5432027045006, -115.55820448212933)
(857.1992390311916, -115.93929289952611)
(860.7417876192491, -116.44987158777563)
(865.0593310243281, -117.09078232291048)
(869.9504277899528, -117.85187238511614)
(875.2136351224801, -118.7229888910904)
(880.6475102282668, -119.69397895753082)
(886.0506103136701, -120.75468970113522)
(891.2214925850463, -121.89496823860124)
(895.9976484708623, -123.10276731807708)
(900.463211618824, -124.35403915866985)
(904.7986034326335, -125.62005103943193)
(909.1844657024462, -126.87205951637705)
(913.8014402184176, -128.08132114551898)
(918.8301687707027, -129.21909248287145)
(924.4512931494572, -130.25663008444823)
(930.8124284381978, -131.17325715708373)
(937.7459629694033, -132.0252898744797)
(944.9094012138149, -132.91175914608908)
(951.9583816417653, -133.93215164505634)
(958.5485427235866, -135.18595404452586)
(964.335522929611, -136.77265301764217)
(968.9749607301709, -138.79173523754974)
(972.1438686337887, -141.3368797292403)
(973.8433746816717, -144.41369844503498)
(974.3263275984006, -147.95940703568908)
(973.852180537121, -151.90942662922905)
(972.6803866509772, -156.19917835368102)
(971.0703990931146, -160.7640833370715)
(969.2816710166775, -165.5395627074266)
(967.5697240334226, -170.4618586524198)
(966.0858247991827, -175.48898587305766)
(964.8686688823752, -180.6024683172697)
(963.9513540122141, -185.78499898080275)
(963.3669779179138, -191.019270859404)
(963.1486383286876, -196.2879769488202)
(963.32943297375, -201.5738102447986)
(963.9420713949032, -206.85901263576667)
(964.9977457650859, -212.100820968005)
(966.4752781943363, -217.21885527728588)
(968.3508179482387, -222.12962952314103)
(970.600514292378, -226.74965766510167)
(973.200516492339, -230.9954536626995)
(976.1269738137064, -234.78353147546576)
(979.355934459059, -238.03065463816574)
(982.84632111478, -240.69587817168548)
(986.5207695811, -242.82786761285573)
(990.2972905594662, -244.48671018639857)
(994.0938947513265, -245.7324931170359)
(997.8285928581287, -246.62530362948993)
(1001.4193955813205, -247.22522894848257)
(1004.7843156015673, -247.59237819773645)
(1007.8446246559322, -247.82292024108128)
(1010.5314953807781, -248.12257217104073)
(1012.7779736238608, -248.71777717620827)
(1014.5171052329358, -249.8349784451773)
(1015.6819360557591, -251.70061916654117)
(1016.2055119400862, -254.5411425288935)
(1016.0208787336729, -258.5829917208276)
(1015.0983375788294, -263.9608631261089)
(1013.573032835221, -270.40350174170436)
(1011.625686316844, -277.5274111809851)
(1009.4370214054367, -284.9490911965203)
(1007.1877614827367, -292.28504154087955)
(1005.0586299304825, -299.15176196663214)
(1003.2303501304118, -305.1657522263483)
(1001.8517089275014, -310.0146180247084)
(1000.8637952092977, -313.8483997106052)
(1000.1246425561302, -317.0020583318058)
(999.4920654956226, -319.81104265180346)
(998.8238785553987, -322.610801434091)
(997.9778962630821, -325.7367834421614)
(996.8119331462967, -329.5244374395074)
(995.1996702029221, -334.2717529304253)
(993.1706606346313, -339.9087196568602)
(990.8429290812443, -346.15645453147556)
(988.3355156366773, -352.7336770743455)
(985.7674603948461, -359.3591068055454)
(983.2578034496672, -365.75146324514947)
(980.9255848950569, -371.6294659132324)
(978.8822979347369, -376.7281356708728)
(977.1210778935131, -381.03814731011823)
(975.5410862194934, -384.7531599211992)
(974.0388957774485, -388.07242395431126)
(972.5110794321498, -391.1951898596496)
(970.854210048368, -394.32070808740986)
(968.964860490874, -397.6482290877873)
(966.7432745642444, -401.3710216164865)
(964.1912473190765, -405.5168794933487)
(961.422658238711, -409.9309580670374)
(958.5571708175734, -414.4489878007441)
(955.71444855009, -418.90669915765903)
(953.0141549306863, -423.1398226009733)
(950.5759534537888, -426.98408859387735)
(948.5178032207212, -430.2777762209543)
(946.8574322621179, -433.0090425794714)
(945.4583680102535, -435.3966247562897)
(944.1710077056782, -437.67889374049645)
(942.8457485889417, -440.09422052117884)
(941.3329879005938, -442.8809760874242)
(939.4831228811844, -446.2775314283195)
(937.147047919619, -450.5214456524008)
(934.2686753416131, -455.6983726009405)
(930.993680511434, -461.5644719407952)
(927.4941658954053, -467.8327458991008)
(923.9422339598511, -474.21619670299276)
(920.5099871710944, -480.4278265796076)
(917.369527995459, -486.18063775608084)
(914.6929244061408, -491.1876887287089)
(912.5783363311608, -495.2826053051548)
(910.893777410531, -498.674454411847)
(909.4625916836659, -501.6451731699418)
(908.1081231899798, -504.4766987005956)
(906.653715968887, -507.4509681249644)
(904.9227140598023, -510.84991856420515)
(902.7384615021397, -514.9554871394739)
(899.9742349017771, -519.9690615103716)
(896.7299019637941, -525.7265005378263)
(893.1695726049875, -531.9600298043365)
(889.4573609550373, -538.4018680963269)
(885.7573811436232, -544.7842342002215)
(882.2337473004251, -550.8393469024446)
(879.0505735551227, -556.299424989421)
(876.343805871594, -560.9443587592494)
(874.0613012223021, -564.872358368457)
(872.0738809649499, -568.3120082490658)
(870.2521342140589, -571.492285879049)
(868.4666500841512, -574.6421687363796)
(866.5880176897482, -577.9906342990308)
(864.4868261453723, -581.7666600449755)
(862.0447401360434, -586.1767237985438)
(859.255442718081, -591.1997417829514)
(856.1776602865889, -596.682496838791)
(852.8709204208798, -602.4701442275436)
(849.394750700266, -608.4078392106903)
(845.8086787040598, -614.3407370497118)
(842.1722320115741, -620.1139930060893)
(838.5431093033644, -625.5803309947024)
(834.9493321626921, -630.7152896365191)
(831.3948336528633, -635.5940946772005)
(827.88285092826, -640.2948517886042)
(824.4166211432646, -644.895666642588)
(820.999381452259, -649.4746449110104)
(817.634369009625, -654.109892265729)
(814.3245083657106, -658.8779603989987)
(811.0636954694252, -663.8105191048)
(807.8356399886776, -668.8886013613508)
(804.623506394488, -674.0905299296222)
(801.4104591578758, -679.3946275705856)
(798.1796627498619, -684.7792170452122)
(794.9142816414653, -690.2226211144741)
(791.5976524290618, -695.7033263596136)
(788.2238683787108, -701.2100570200057)
(784.8039471512825, -706.7476451242622)
(781.3503920729822, -712.3223366826683)
(777.8757064700139, -717.940377705509)
(774.392393668583, -723.6080142030694)
(770.912956994894, -729.3314921856343)
(767.4498862704554, -735.1170170271077)
(764.0128686712148, -740.9623607855376)
(760.6053676813942, -746.846568085555)
(757.2300092136643, -752.7461632525608)
(753.8894191806958, -758.6376706119562)
(750.5862234951588, -764.497614489143)
(747.3230480697239, -770.3025192095223)
(744.1025160029205, -776.0289138779586)
(740.9191660639686, -781.6670578108111)
(737.7417311184051, -787.2510383900498)
(734.5338060041948, -792.8236692880423)
(731.2589855593029, -798.4277641771566)
(727.8808646216946, -804.1061367297609)
(724.3630380293341, -809.9016006182234)
(720.669100620187, -815.8569695149121)
(716.7844730627427, -821.9878117061041)
(712.7961585438243, -828.1828890810002)
(708.8206909220396, -834.2941001181106)
(704.9746073232975, -840.1733392173429)
(701.3744448735074, -845.6725007786048)
(698.1367406985783, -850.6434792018035)
(695.3780319244191, -854.9381688868473)
(693.2007376971981, -858.436704441452)
(691.6104733041791, -861.2128573209718)
(690.5722494057611, -863.4216204530727)
(690.0509377463617, -865.2182646391864)
(690.0114100703985, -866.7580606807438)
(690.4185381222889, -868.1962793791763)
(691.2371936464504, -869.6881915359149)
(692.4375273702477, -871.3785025709825)
(694.0446715368629, -873.3018776389067)
(696.1164158086011, -875.4276211813052)
(698.7109805959802, -877.7241755382877)
(701.8865863095189, -880.1599830499639)
(705.7014533597348, -882.7034860564437)
(710.2138021571461, -885.3231268978365)
(715.4671387934626, -887.9897122365302)
(721.2578147866624, -890.7137619606805)
(727.1771008363336, -893.5387487001952)
(732.8100600388169, -896.5091425334438)
(737.7417554904533, -899.6694135387953)
(741.5572502875843, -903.0640317946194)
(743.8416075265505, -906.7374673792851)
(744.1912451447946, -910.732527995271)
(742.5452573815362, -915.0418527150034)
(739.2379419674761, -919.6002218746728)
(734.6255239383884, -924.3392056005694)
(729.0642283300471, -929.1903740189839)
(722.9102801782266, -934.0852972562064)
(716.5199045187004, -938.9555454385285)
(710.247128550102, -943.7330165460555)
(704.2997665448366, -948.3714193040291)
(698.6503467632333, -952.8595603143001)
(693.2501111854054, -957.1894214768594)
(688.0503017914671, -961.352984691697)
(683.0021605615319, -965.3422318588038)
(678.0569294757145, -969.14914487817)
(673.1659775677784, -972.7656558774255)
(668.3100654835621, -976.1721830299998)
(663.5367797968999, -979.322965929105)
(658.9029459193024, -982.1686249192501)
(654.4653892622802, -984.6597803449442)
(650.2809352373431, -986.7470525506974)
(646.4064092560022, -988.3810618810184)
(642.8986318612505, -989.5124375381722)
(639.7949653594696, -990.1272109419053)
(637.0690964543305, -990.3272645821511)
(634.681707288865, -990.2381413808328)
(632.593480006105, -989.985384259874)
(630.7650967490825, -989.694536141198)
(629.1572396608292, -989.4911399467283)
(627.7305908843771, -989.5007385983882)
(626.4485972945037, -989.7987120318076)
(625.2879037151638, -990.2209780559066)
(624.2290887731965, -990.5320799961787)
(623.252731770424, -990.4965489312934)
(622.3394120086691, -989.878915939921)
(621.4697087897539, -988.4437121007313)
(620.6242014155009, -985.9554684923945)
(619.7884652528338, -982.2270878310766)
(618.9832577441723, -977.412103823093)
(618.244448296686, -971.8103634164677)
(617.6079646057825, -965.7222779028556)
(617.1097343668697, -959.4482585739125)
(616.7856852753551, -953.2887167212942)
(616.6717450266468, -947.5440636366566)
(616.7987640442323, -942.488680634421)
(617.1431232895046, -938.1176969265971)
(617.64811018173, -934.2565789295627)
(618.2565457020519, -930.7284017413075)
(618.9112508316136, -927.3562404598214)
(619.5550465515595, -923.9631701830943)
(620.1307538430323, -920.3722660091165)
(620.5839122617514, -916.4140551440104)
(620.907351253937, -912.0486949982001)
(621.1340130228975, -907.3462993563197)
(621.2981107172825, -902.3804658957037)
(621.4338574857417, -897.2247922936871)
(621.5754664769255, -891.9528762276035)
(621.7571508394833, -886.6383153747888)
(622.0125289935471, -881.3536477735242)
(622.3564489213774, -876.1379678178149)
(622.7816296862558, -870.9909423880612)
(623.2795182166399, -865.9099717779783)
(623.841561440988, -860.8924562812822)
(624.4592062877578, -855.9357961916903)
(625.1238996854072, -851.0373918029179)
(625.8271223983214, -846.1945504564342)
(626.5627558323149, -841.3979845800752)
(627.3286326670443, -836.6275518736854)
(628.1229538929765, -831.8620982333672)
(628.9439205005783, -827.0804695552218)
(629.7897334803173, -822.2615117353505)
(630.6585938226597, -817.3840706698555)
(631.5487001389056, -812.426998980166)
(632.4576342110743, -807.3708929143322)
(633.3815417845974, -802.2004080471938)
(634.3163646791237, -796.9007764022687)
(635.2580447143016, -791.4572300030757)
(636.20252370978, -785.8550008731328)
(637.1457434852076, -780.0793210359574)
(638.0836459643373, -774.1154226515304)
(639.0127797923491, -767.9493331763852)
(639.9317291710529, -761.5697482951875)
(640.8395047145721, -754.9659226381561)
(641.7351170370309, -748.1271108355093)
(642.6175767525523, -741.042567517467)
(643.4858944752604, -733.7015473142471)
(644.339080819278, -726.0933048560701)
(645.173428854975, -718.2391747437407)
(645.9719254564359, -710.3175681236486)
(646.7134913388919, -702.5548961996643)
(647.3770462002076, -695.177582185435)
(647.9415097382478, -688.4120492946073)
(648.3858016508765, -682.4847207408304)
(648.6888416359586, -677.622019737751)
(648.8359116541284, -674.0082494328618)
(648.8583128871178, -671.5230520837692)
(648.8075868505404, -669.9120729358616)
(648.7353625546416, -668.920377994116)
(648.6932690096669, -668.2930332635098)
(648.7329352258624, -667.7751047490195)
(648.9059902134736, -667.1116584556227)
(649.2516305080211, -666.0630976223864)
(649.6716313873552, -664.5593542462982)
(649.9823709396135, -662.6357099605443)
(649.9989435831509, -660.3290299884159)
(649.5364437363221, -657.6761795532053)
(648.4099658174822, -654.7140238782038)
(646.4346042449856, -651.4794281867024)
(643.435995588812, -648.009482018578)
(639.429781306265, -644.3453178499917)
(634.5963538589072, -640.5315737396345)
(629.1215648587144, -636.613003906352)
(623.1912659176617, -632.63436256899)
(616.9913086477266, -628.6404039463952)
(610.7075446608842, -624.6758822574129)
(604.5240124685795, -620.7846312873281)
(598.5648511128622, -616.9800764237878)
(592.882011373896, -613.2389961626637)
(587.52314631207, -609.535987231389)
(582.535908987771, -605.8456463573951)
(577.9679524613861, -602.1425702681144)
(573.8669297933039, -598.4013556909791)
(570.2796339201994, -594.596404196285)
(567.1876470135654, -590.6873214057478)
(564.4627634290287, -586.6088027153929)
(561.9662363794482, -582.2931517964137)
(559.5593190776843, -577.6726723200047)
(557.1032647365967, -572.6796679573598)
(554.4593265690447, -567.246442379672)
(551.4890169603816, -561.3055969698332)
(548.1296034557244, -554.8767531370493)
(544.4989584317885, -548.1869932377047)
(540.7412938697496, -541.4936559576599)
(537.0008217507822, -535.0540799827728)
(533.4217540560621, -529.1256039989039)
(530.1483027667642, -523.9655666919118)
(527.32467231699, -519.8312961134369)
(525.0268548407927, -516.8840056393245)
(523.0961990726144, -514.9542839008371)
(521.323638703466, -513.8016821129476)
(519.5001074243595, -513.1857514906293)
(517.4165389263053, -512.8660432488558)
(514.8638669003152, -512.6021086026002)
(511.63302503740016, -512.1534987668358)
(507.5707312188662, -511.32640106027736)
(502.80388116110544, -510.1612340867748)
(497.5471431271252, -508.77179511836357)
(492.0152159334094, -507.2719069700694)
(486.42279839644044, -505.7753924569177)
(480.98458933270064, -504.3960743939339)
(475.91528755867387, -503.2477755961437)
(471.39614945047964, -502.4278249252588)
(467.35993268701435, -501.91099063240074)
(463.62749130521746, -501.6168496182376)
(460.0191401283856, -501.46471284098436)
(456.3551939798168, -501.37389125885613)
(452.45596768280814, -501.26369583006783)
(448.14177606065675, -501.05343751283453)
(443.2485126696886, -500.6687614435179)
(437.78954079802503, -500.1074704169232)
(431.89101850755463, -499.41322860758186)
(425.68090877201234, -498.63043405157475)
(419.2871745651306, -497.8034847849831)
(412.83777886064445, -496.97677884388776)
(406.4606846322869, -496.19471426436985)
(400.2812240116491, -495.4992231538623)
(394.37557533312815, -494.88616501258304)
(388.776349505082, -494.31056292481225)
(383.51464896822347, -493.7260260649942)
(378.621576163267, -493.0861636075734)
(374.1282335309249, -492.3445847269941)
(370.06572351191136, -491.45489859770106)
(366.4639662807597, -490.3720116522326)
(363.31195849243056, -489.0957342271014)
(360.54827895661435, -487.6811983444014)
(358.10839940235735, -486.1869453139)
(355.9277915587057, -484.67151644536466)
(353.94192715470604, -483.1934530485629)
(352.0862779194048, -481.81129643326216)
(350.2964512361575, -480.58263348267604)
(348.51906744773555, -479.4875669146428)
(346.71971353976767, -478.37275534390136)
(344.8658517830498, -477.0716633925059)
(342.9249444483771, -475.41775568251035)
(340.86445380654527, -473.24449683596833)
(338.6518421283499, -470.38535147493434)
(336.2546451883201, -466.674051939262)
(333.66478012403, -462.03313319903754)
(330.933693240162, -456.60194938269564)
(328.1217459163136, -450.55232540792525)
(325.28929953208296, -444.0560861924172)
(322.4967154670675, -437.2850566538603)
(319.80435510086454, -430.4110617099434)
(317.2725774841065, -423.60592468169995)
(314.9262272859101, -417.01712147356295)
(312.6648850767627, -410.7062513094782)
(310.36052770417837, -404.71598926733424)
(307.88513201567156, -399.0890104250194)
(305.11067485875725, -393.8679898604239)
(301.90913308094986, -389.0956026514363)
(298.1524835297635, -384.81452387594516)
(293.76013171535396, -381.05699656557573)
(288.89584464889424, -377.80151586318624)
(283.80186239021214, -375.00931657941294)
(278.7204616227642, -372.6416254694375)
(273.8939190300067, -370.65966928844153)
(269.56451129539755, -369.02467479160737)
(265.97451510239284, -367.69786873411675)
(263.32162361137364, -366.63464681789316)
(261.4631480874185, -365.74588639317415)
(260.0994750096996, -364.92194070799377)
(258.9301521492658, -364.05305331623504)
(257.65472727716565, -363.02946777178073)
(255.97274816444772, -361.7414276285135)
(253.58376258216106, -360.0791764403165)
(250.21048219575826, -357.94158656006306)
(245.8476547880823, -355.3288667106814)
(240.66685282101392, -352.30709470366577)
(234.8426555961397, -348.9434684305354)
(228.54964241504794, -345.30518578281044)
(221.96239257932524, -341.4594446520102)
(215.25548539055825, -337.47344292965363)
(208.6002247392112, -333.4150210691007)
(202.10444254232942, -329.3644712943289)
(195.818463551781, -325.41336743899853)
(189.79053371341016, -321.65369115165686)
(184.06889897306135, -318.1774240808512)
(178.70180527658053, -315.0765478751301)
(173.73749856981206, -312.44304418304057)
(169.22213695711594, -310.3665146426563)
(165.12608320126176, -308.8501588791531)
(161.32423762186147, -307.78835522247044)
(157.68541353711575, -307.0685431965009)
(154.07842426522407, -306.578162325137)
(150.37208312438617, -306.2046521322712)
(146.43520343280255, -305.8354521417961)
(142.13738008433478, -305.3585875988875)
(137.41630275238592, -304.71311471550746)
(132.3296329744598, -303.927997920569)
(126.94724440777533, -303.0413535380324)
(121.33901070955335, -302.09129789185835)
(115.57480553701326, -301.1159473060073)
(109.7245025473744, -300.15341810443954)
(103.85795975415931, -299.2417901580445)
(98.03910375739699, -298.4053219104173)
(92.31702836065533, -297.63370830386805)
(86.73854661253009, -296.9113296471739)
(81.35047156161487, -296.2225662491117)
(76.19961625650537, -295.5517984184584)
(71.33279374579575, -294.883406463991)
(66.7968159800489, -294.2017708576971)
(62.606572891826886, -293.4960169518365)
(58.66149978312429, -292.7724312442697)
(54.83493869994138, -292.04117872749276)
(51.00023168827951, -291.3124243940023)
(47.03072079413853, -290.5963332362944)
(42.79974806351982, -289.9030702468656)
(38.18065554242363, -289.24280041821214)
(33.071979862931435, -288.6225170309798)
(27.505424186346765, -288.0324492142853)
(21.556525796092043, -287.4573078797941)
(15.300848595955227, -286.8818005879704)
(8.81395648972606, -286.29063489927887)
(2.171413381191895, -285.6685183741836)
(-4.5512168258574635, -285.00015857314906)
(-11.282943975595144, -284.272144448516)
(-17.98866191800021, -283.48582568662)
(-24.65019988075052, -282.6495182697756)
(-31.249487032465197, -281.7715792905801)
(-37.76845254176334, -280.8603658416303)
(-44.1890255772622, -279.92423501552355)
(-50.49313530758149, -278.9715439048568)
(-56.66481574720114, -278.010317109255)
(-62.71359210329017, -277.04455250003315)
(-68.66593435688128, -276.07557125928776)
(-74.54861818381174, -275.1046462798912)
(-80.38841925992106, -274.1330504547154)
(-86.21211326104653, -273.1620566766325)
(-92.04647586302708, -272.1929378385148)
(-97.915511514932, -271.2274064975642)
(-103.78749601775792, -270.2760167460698)
(-109.57909344979795, -269.3575110475262)
(-115.205021568212, -268.490940655739)
(-120.57999813015836, -267.6953568245143)
(-125.61874089279739, -266.989810807658)
(-130.23596761328753, -266.39335385897584)
(-134.34958024295668, -265.9240419778876)
(-137.9988428652647, -265.56199811452103)
(-141.3792854357328, -265.23850262763403)
(-144.6967429782324, -264.88161491522203)
(-148.15705051663485, -264.41939437528015)
(-151.9660430748106, -263.77990040580397)
(-156.32955567663154, -262.8911924047886)
(-161.45186541964776, -261.68195386308014)
(-167.39123862361868, -260.13935902384003)
(-173.9427583583295, -258.3560112397835)
(-180.87393365055996, -256.4355598051938)
(-187.95227352709136, -254.48165401435347)
(-194.94528701470534, -252.59794316154506)
(-201.6204831401813, -250.88807654105167)
(-207.7455245850693, -249.45559298838774)
(-213.155206436584, -248.35577144494104)
(-217.85628422847594, -247.52027256579925)
(-221.88265866955894, -246.86124298355068)
(-225.26823046864567, -246.2908293307838)
(-228.04690033454997, -245.7211782400869)
(-230.25256897608546, -245.06443634404837)
(-231.91913730014898, -244.23275033228722)
(-233.09382727297438, -243.14210218111182)
(-233.87326655213846, -241.72269833544155)
(-234.36553420799424, -239.9080422340672)
(-234.6787093108948, -237.63163731577944)
(-234.92087093119298, -234.82698701936962)
(-235.2000981392418, -231.42759478362836)
(-235.62447000539427, -227.36696404734616)
(-236.2832093831682, -222.5975025006694)
(-237.1632880835794, -217.1741293515971)
(-238.2171810410518, -211.1863485624179)
(-239.3973365921329, -204.72369076105142)
(-240.6562030733703, -197.87568657541712)
(-241.94622882131125, -190.73186663343637)
(-243.21986217250327, -183.38176156302868)
(-244.43268206697195, -175.91849201081004)
(-245.56551198378287, -168.46412779175546)
(-246.61137076794154, -161.154723753449)
(-247.56335639713282, -154.12642548885685)
(-248.41456684904196, -147.51537859094321)
(-249.15810010135405, -141.45772865267233)
(-249.7870541317542, -136.08962126701022)
(-250.29683109482124, -131.52966671643742)
(-250.7116189102656, -127.67740906050264)
(-251.07517282419144, -124.2834805522966)
(-251.43162201373917, -121.09566774463471)
(-251.82509565604914, -117.8617571903337)
(-252.29972292826184, -114.32953544220938)
(-252.89963300751762, -110.24678905307748)
(-253.66678742632783, -105.3744581565815)
(-254.59788602074542, -99.74813740064351)
(-255.6467810280607, -93.66342685381997)
(-256.7656403152349, -87.42614758720853)
(-257.9066317492296, -81.34212067190681)
(-259.0219231970056, -75.71716717901415)
(-260.0636825255244, -70.85710817962816)
(-260.9858205747955, -67.06362204690554)
(-261.8120692445005, -64.47243647536911)
(-262.6580723087415, -63.00082303747503)
(-263.64573960216745, -62.551160134406736)
(-264.89698095942765, -63.02582616734721)
(-266.53370621517155, -64.32719953747976)
(-268.6778252040481, -66.35765864598734)
(-271.45017204848733, -69.01950639444686)
(-274.86285807097806, -72.20741489950338)
(-278.7274867999808, -75.80198349955897)
(-282.8340443407572, -79.68229429921396)
(-286.97251679856754, -83.7274294030673)
(-290.9328902786735, -87.8164709157191)
(-294.50515088633625, -91.82850094176938)
(-297.4795048265235, -95.64262050432846)
(-299.7579689554064, -99.14754123029927)
(-301.5359530387096, -102.25719312228131)
(-303.05640837888905, -104.88959258133572)
(-304.5622862784014, -106.96275600852472)
(-306.29653803970274, -108.39469980490968)
(-308.5021149652495, -109.10344037155254)
(-311.42196805180356, -109.0069943246734)
(-315.2313548911111, -108.07102320166993)
(-319.8480691016616, -106.4424004424766)
(-325.1287037020758, -104.31107455107788)
(-330.92985171097257, -101.8669940314589)
(-337.1081061469731, -99.30010738760392)
(-343.5200600286962, -96.80036312349807)
(-350.0223063747626, -94.55770974312584)
(-356.48725944292397, -92.73092623686323)
(-362.8753595176154, -91.30537101696918)
(-369.17748250015245, -90.20644111299224)
(-375.3845334763978, -89.35947605783832)
(-381.4874175322121, -88.68981538441363)
(-387.47703975345854, -88.12279862562407)
(-393.34430522599797, -87.58376531437574)
(-399.0729442139404, -86.99888599230412)
(-404.58721139934767, -86.30121983599305)
(-409.78195351258114, -85.42723213655059)
(-414.551808276907, -84.31341239289459)
(-418.79141341559125, -82.89625010394289)
(-422.39540665189827, -81.11223476861367)
(-425.2584257090943, -78.89785588582457)
(-427.2830939544958, -76.19237416201815)
(-428.4749800829633, -72.97077476924427)
(-428.91120916345574, -69.23287463526724)
(-428.67035261872286, -64.97899260685627)
(-427.83098187151444, -60.209447530779514)
(-426.4716683445799, -54.924558253805024)
(-424.67098346066945, -49.124643622702294)
(-422.5067019385561, -42.814904600932536)
(-420.03931497580123, -36.106453720068956)
(-417.31258936063017, -29.212888902049706)
(-414.3696070375757, -22.352004717661703)
(-411.2534499511713, -15.741595737693826)
(-408.0072000459494, -9.599456532932443)
(-404.6739392664436, -4.143381674166287)
(-401.2966081384126, 0.41286513728064017)
(-397.91218628662455, 4.025424188804265)
(-394.54963072330634, 6.879104868830169)
(-391.23733326068435, 9.174826501942906)
(-388.0036857109847, 11.113508412726826)
(-384.8770798864345, 12.896069925765751)
(-381.8859075992597, 14.723430365644239)
(-379.05830382548845, 16.795547744884033)
(-376.39433410598986, 19.20731900323335)
(-373.8410961602985, 21.8553878523086)
(-371.3398125551116, 24.6144078975329)
(-368.8317058571257, 27.359032744330122)
(-366.25799863303723, 29.96391599812411)
(-363.5599134495432, 32.30371126433801)
(-360.6786808769902, 34.25316090420094)
(-357.5603070836685, 35.739965869969225)
(-354.1636363976921, 36.83419480562054)
(-350.4496483534069, 37.62959454474043)
(-346.37932248515955, 38.219911920914214)
(-341.9136383272957, 38.69889376772744)
(-337.01357541416115, 39.16028691876562)
(-331.64011329394174, 39.69783819183013)
(-325.7781453424535, 40.37801967984863)
(-319.50583911248094, 41.160920359094554)
(-312.9241001631693, 41.980695554514234)
(-306.1338340536635, 42.77150059105399)
(-299.2359463431104, 43.46749079365995)
(-292.33134259065486, 44.002821487278446)
(-285.520928355442, 44.31164799685575)
(-278.88756819226654, 44.33894305642949)
(-272.4111298938892, 44.091436389185084)
(-266.0349876421959, 43.59773933367599)
(-259.7024728552083, 42.88648886972165)
(-253.3569169509482, 41.9863219771414)
(-246.94165134743918, 40.92587563575485)
(-240.40000746270292, 39.733786825381344)
(-233.6915897925673, 38.44008311435059)
(-226.91469965899657, 37.086644175133515)
(-220.2378254855558, 35.72134740099007)
(-213.83000011843876, 34.392116707901145)
(-207.86025640383758, 33.146876011847205)
(-202.49762718794437, 32.03354922880877)
(-197.91114531695274, 31.100060274766683)
(-194.25009375002168, 30.38957480777824)
(-191.40094400970654, 29.881940422439136)
(-189.0633770609076, 29.51200204323113)
(-186.933086018149, 29.21364381847477)
(-184.70576399595564, 28.920749896490747)
(-182.07710410885193, 28.567204425599673)
(-178.74279947136213, 28.08689155412212)
(-174.41060857767818, 27.416197842255166)
(-169.06039434106813, 26.5479454824518)
(-162.94115785380052, 25.53077708841236)
(-156.31337231745394, 24.41571463887799)
(-149.43751093360456, 23.253780112589435)
(-142.57404690383115, 22.09599548828788)
(-135.9834534297104, 20.993382744714157)
(-129.92279448043098, 19.996293947795778)
(-124.49774562526875, 19.125333402865973)
(-119.60566249029462, 18.360170628966383)
(-115.1287401771866, 17.677496108102915)
(-110.94917378762403, 17.05400032228166)
(-106.94915842328457, 16.46637375350847)
(-103.01088918584742, 15.891306883789412)
(-99.01682010636901, 15.305537293149209)
(-94.88009265314435, 14.69138446006319)
(-90.57310510745128, 14.041946394625565)
(-86.07501638704586, 13.351550834456859)
(-81.36498540968572, 12.614525517177837)
(-76.42217109312728, 11.82519818040908)
(-71.22573235512687, 10.977896561771152)
(-65.75482811344229, 10.066948398884847)
(-59.98861728582991, 9.086681429370733)
(-53.90625879004594, 8.031423390849351)
(-47.48691154384834, 6.895502020941536)
(-40.709734464992756, 5.673245057267721)
(-33.55388647123724, 4.358980237448773)
(-25.998526480338047, 2.947035299105226)
(-18.02281341005119, 1.431737979857572)
