(0.057223, -0.024722)
(2.7998244388267133, 0.0689968353327509)
(3.8152121057485595, 0.013246129587771592)
(3.2605960185573166, -0.18996382656421543)
(1.2931861950447572, -0.5386227424524875)
(-1.92980734699734, -1.0307203274063224)
(-6.251174589777207, -1.6642462907549975)
(-11.513705515503055, -2.437190341827791)
(-17.560190106383118, -3.347542189953979)
(-24.233418344625626, -4.39329154446284)
(-31.3761802124388, -5.5724281146836505)
(-38.83126569203086, -6.882941609945691)
(-46.44146476561002, -8.322821739578231)
(-54.04956741538455, -9.890058212910558)
(-61.5077470266876, -11.581146217563187)
(-68.78413056311355, -13.374112679949938)
(-75.92505140365108, -15.234528364896526)
(-82.97830788280638, -17.127730709533576)
(-89.99169833508553, -19.019057150991696)
(-97.01302109499474, -20.873845126401534)
(-104.09007449704009, -22.65743207289368)
(-111.25999804800426, -24.341994607545537)
(-118.51397407813191, -25.929197524590553)
(-125.83080145823271, -27.428651398946105)
(-133.18927887942982, -28.849966920824528)
(-140.56820503284644, -30.202754780438145)
(-147.94637860960563, -31.49662566799926)
(-155.3026266863571, -32.74129365874559)
(-162.6179725384503, -33.95447176561918)
(-169.87716215047175, -35.16743175618685)
(-177.0653021083264, -36.41275877074519)
(-184.167498997919, -37.72303794959086)
(-191.1688594051545, -39.13085443302047)
(-198.0544899159378, -40.66879336133065)
(-204.81183183104392, -42.365715578001996)
(-211.46002254032572, -44.199920872940524)
(-218.0410422839259, -46.11327051600413)
(-224.59737560039926, -48.04682132893846)
(-231.17150702830057, -49.941630133489156)
(-237.80592110618448, -51.73875375140182)
(-244.54310237260586, -53.37924900442212)
(-251.41071727604617, -54.81824845057693)
(-258.3675526665316, -56.07631352963321)
(-265.3523966975133, -57.193002487124915)
(-272.30403536205614, -58.20787562074169)
(-279.1612546532249, -59.160493228173216)
(-285.8628405640844, -60.090415607109186)
(-292.3478440639598, -61.03702719646808)
(-298.58066445597746, -62.022889317393435)
(-304.5716793018931, -63.04004855715872)
(-310.33612153987946, -64.0773290991528)
(-315.8892241081093, -65.12355512676451)
(-321.2462199447556, -66.16755082338277)
(-326.422341987991, -67.19814037239638)
(-331.43482204254275, -68.20555243107951)
(-336.3308008793593, -69.20103074743405)
(-341.18044325081195, -70.21199652791812)
(-346.0545061660285, -71.26628711940036)
(-351.0237466341371, -72.39173986874937)
(-356.1589216642659, -73.61619212283372)
(-361.53078826554275, -74.96748122852205)
(-367.18562277315715, -76.46223145340066)
(-373.04698110678163, -78.06085644960473)
(-379.0000455254948, -79.70619327396541)
(-384.9299852392334, -81.34107300631074)
(-390.72196945793394, -82.9083267264687)
(-396.26116739153304, -84.3507855142673)
(-401.43329331880904, -85.61154565813081)
(-406.1900148483849, -86.66579368663146)
(-410.6110907666815, -87.55104014846353)
(-414.79099671884524, -88.31195622442047)
(-418.8242083500226, -88.99321309529567)
(-422.80520130536, -89.63948194188258)
(-426.8284512300039, -90.29543394497462)
(-430.9860920914106, -91.0040221470944)
(-435.3315001754728, -91.77976226300596)
(-439.8861915176914, -92.6137934703246)
(-444.6707365907748, -93.49656116731771)
(-449.7057058674321, -94.41851075225283)
(-455.0116698203716, -95.37008762339745)
(-460.60919892230214, -96.34173717901903)
(-466.4980583870971, -97.32244281552845)
(-472.5654823784414, -98.29328028417805)
(-478.66083321026093, -99.23266405163349)
(-484.63344465703204, -100.11900657907091)
(-490.332650493231, -100.93072032766644)
(-495.6077844933337, -101.64621775859617)
(-500.3087838250125, -102.24393331543699)
(-504.3805501436442, -102.70576112185054)
(-507.96559596238956, -103.02079452265733)
(-511.2310918008522, -103.17902518599718)
(-514.3442081786357, -103.17044478001)
(-517.4721156153439, -102.98504497283568)
(-520.7819846305802, -102.61281743261411)
(-524.4350412238504, -102.04343228290386)
(-528.4832367340736, -101.26064887996796)
(-532.8826196601494, -100.24303910689594)
(-537.585982636852, -98.96899873408022)
(-542.5461182989549, -97.41692353191326)
(-547.7158192812318, -95.5652092707875)
(-553.0478782184567, -93.39225172109543)
(-558.4872117445206, -90.87960681132375)
(-563.9327434036134, -88.0272846876348)
(-569.2667492161935, -84.84197513064674)
(-574.371482240618, -81.33037713426664)
(-579.1291955352432, -77.49918969240154)
(-583.4221421584265, -73.35511179895852)
(-587.132831084628, -68.905096571857)
(-590.1980255022848, -64.20997141963156)
(-592.6755369168657, -59.450764408652006)
(-594.6395554644743, -54.824767542077616)
(-596.1642712812139, -50.52927282306768)
(-597.323874503188, -46.761572254781456)
(-598.1925552664999, -43.71895784037828)
(-598.8434388139709, -41.58515974002301)
(-599.327810129776, -40.265763661574226)
(-599.6764930918068, -39.40577491898736)
(-599.9195228831019, -38.640154480996166)
(-600.0869346867009, -37.60386331633438)
(-600.2087636856431, -35.93186239373583)
(-600.3150450629676, -33.25911268193417)
(-600.4283323808661, -29.29499002598701)
(-600.5239702196654, -24.218427686159334)
(-600.5589394581245, -18.39101086523371)
(-600.4901798588279, -12.17473372216219)
(-600.2746311843607, -5.931590415896917)
(-599.8692331973077, -0.02357510538976193)
(-599.230940131033, 5.187875188835187)
(-598.3210285098312, 9.507735659350413)
(-597.1111224775833, 13.139374458230678)
(-595.574362319245, 16.34453257629365)
(-593.6838883197711, 19.38495100435699)
(-591.4128407641172, 22.52237073323831)
(-588.7343599372383, 26.018532753755363)
(-585.623511075123, 30.122193212894746)
(-582.0996332875251, 34.783456849529344)
(-578.2263395579632, 39.65377699441834)
(-574.0691678209895, 44.37162213448985)
(-569.6936560111561, 48.575460756672015)
(-565.1653420630154, 51.90376134789297)
(-560.5497639111188, 53.99499239508084)
(-555.906124282419, 54.55384765741017)
(-551.2503882926904, 53.73700648825076)
(-546.580460330496, 51.88994656489798)
(-541.8941843181315, 49.35877765047466)
(-537.1894041778935, 46.489609508103584)
(-532.4639638320783, 43.628551900907595)
(-527.7158253104803, 41.12134689444031)
(-522.9957009510802, 39.149511925114695)
(-518.4899123715727, 37.47237952777714)
(-514.4062723799775, 35.782374898110945)
(-510.9525937843136, 33.77192323179936)
(-508.3366893926, 31.133449724525658)
(-506.76637201285615, 27.559379571973253)
(-506.43967822054367, 22.75394858693277)
(-507.30101984262694, 16.727795358105816)
(-509.02408873475724, 9.818613902326243)
(-511.2693769144587, 2.380044894108781)
(-513.6973763992554, -5.2342709920318296)
(-515.9685792066715, -12.67069308158086)
(-517.743477354231, -19.575580700023583)
(-518.7192047891159, -25.632562336117267)
(-518.8637022198814, -30.8007088884264)
(-518.266286747074, -35.162545358854025)
(-517.0168480013905, -38.80117907997928)
(-515.2052756135276, -41.79971738438127)
(-512.9214592141826, -44.2412676046393)
(-510.25527670270924, -46.20893498364696)
(-507.2881007548521, -47.7843097423119)
(-504.07780616650746, -49.04479646148946)
(-500.6782438829536, -50.06708295990919)
(-497.1432648494691, -50.92785705630066)
(-493.5267200113322, -51.7038065693934)
(-489.88246031382124, -52.47161931791697)
(-486.26340626261765, -53.3040228026697)
(-482.6950718758008, -54.1570917028631)
(-479.1717433722524, -54.853982866675935)
(-475.68600818470435, -55.21062243835498)
(-472.23045374588844, -55.042936562147005)
(-468.79766748853643, -54.16685138229876)
(-465.3802368453801, -52.39829304305702)
(-461.9783141398214, -49.57969764386034)
(-458.65267721816497, -45.765953778933515)
(-455.4932383163377, -41.11404687339054)
(-452.5900947867549, -35.78161106361178)
(-450.03334398183176, -29.926280485977536)
(-447.91308325398353, -23.70568927686815)
(-446.31938126505804, -17.2774576489008)
(-445.3042342940105, -10.780728980992613)
(-444.80651171267766, -4.299745253960418)
(-444.7441674692875, 2.0914019747158847)
(-445.03515551206834, 8.318621147555813)
(-445.597429789248, 14.307820707079076)
(-446.34894424905474, 19.984909095805396)
(-447.20844971442193, 25.27724031383647)
(-448.1215472903108, 30.160875678123546)
(-449.0665011859557, 34.67112847799838)
(-450.02354906358096, 38.84689191305125)
(-450.9729285854112, 42.72705918287245)
(-451.8948774136707, 46.35052348705227)
(-452.76963321058383, 49.75617802518099)
(-453.58912710055364, 52.98709436351077)
(-454.44706663805437, 56.12271133368391)
(-455.4895634117676, 59.261193040161004)
(-456.86316210156645, 62.50085834172312)
(-458.71440738732423, 65.94002609715145)
(-461.1898439489143, 69.6770151652272)
(-464.43598686693736, 73.81012649007593)
(-468.512308532082, 78.38497932171737)
(-473.19991552608076, 83.27871486323023)
(-478.2243850994138, 88.3348657602613)
(-483.311294502561, 93.3969646584573)
(-488.1862209860024, 98.30854420346498)
(-492.57474180021796, 102.91313704093108)
(-496.2082516883945, 107.05792639422516)
(-499.04430042269735, 110.73201169569788)
(-501.3342211569868, 114.10884655270951)
(-503.3489810830091, 117.37420527243563)
(-505.3595473925103, 120.71386216205175)
(-507.6368872772363, 124.31359152873347)
(-510.45196792893336, 128.35916767965622)
(-514.0429683814685, 133.01183030633018)
(-518.3375783732633, 138.20048718457457)
(-523.0923113838413, 143.7259588783986)
(-528.0618915189048, 149.38772700501366)
(-533.0010428841556, 154.9852731816313)
(-537.6644895852959, 160.31807902546274)
(-541.8069644536228, 165.18563313739537)
(-545.2639731536663, 169.45207200347514)
(-548.1492194964367, 173.20419263935037)
(-550.6362561492849, 176.57669309170592)
(-552.8986357795618, 179.7042714072267)
(-555.1099110546182, 182.7216256325976)
(-557.4436346418049, 185.76345381450352)
(-560.0711135448105, 188.9628573463987)
(-563.0619345206803, 192.38061514391563)
(-566.3445402066309, 195.97715351037033)
(-569.836976648847, 199.70550683597347)
(-573.4572898935141, 203.51870951093565)
(-577.1235259868179, 207.36979592546783)
(-580.7537309749436, 211.21180046978066)
(-584.2717950832134, 215.0002365311596)
(-587.6619415932903, 218.71620970867448)
(-590.9439870527772, 222.3559236331423)
(-594.138208046702, 225.91577707509174)
(-597.264881160092, 229.3921688050511)
(-600.3442829779755, 232.78149759354906)
(-603.3966900086798, 236.08016236991133)
(-606.437092818118, 239.29550589730835)
(-609.4608649185037, 242.47548541393954)
(-612.4588300474215, 245.67747785531878)
(-615.4218119424567, 248.95886015696027)
(-618.3406343411934, 252.3770092543779)
(-621.2061209812169, 255.98930208308565)
(-624.0088914766065, 259.85168307061997)
(-626.7286683408362, 263.9436224358421)
(-629.3290173846156, 268.13120509417087)
(-631.7721969570171, 272.2713403924347)
(-634.0204654071135, 276.22093767746225)
(-636.0360810839776, 279.83690629608196)
(-637.7813023366816, 282.9761555951222)
(-639.2258517520041, 285.51653521741895)
(-640.4236510815856, 287.5721085365807)
(-641.48174698668, 289.40597642697156)
(-642.5080192805125, 291.28357710128466)
(-643.6103477763079, 293.47034877221296)
(-644.8966122872907, 296.23172965244936)
(-646.4746926266864, 299.83315795468695)
(-648.4230598742237, 304.46943576965236)
(-650.7025501756483, 310.0528207002064)
(-653.2445909432105, 316.42493422724374)
(-655.9806095891603, 323.42739783165865)
(-658.8420335257476, 330.9018329943459)
(-661.7602901652226, 338.68986119619984)
(-664.6668063057209, 346.63266598789085)
(-667.4929695871309, 354.54350683853687)
(-670.1701055863319, 362.1913855542619)
(-672.6295343783315, 369.3413805089633)
(-674.8025760381371, 375.75857007653855)
(-676.6205506407558, 381.2080326308848)
(-678.0147782611951, 385.4548465458996)
(-678.9271956423969, 388.29607409713486)
(-679.4309329354764, 389.9240124013011)
(-679.687605410598, 390.7975299102019)
(-679.8604858331925, 391.38048846583973)
(-680.1128469686914, 392.1367499102175)
(-680.6079615825258, 393.5301760853377)
(-681.509102440127, 396.0246288332033)
(-682.9342025449062, 399.96455856705387)
(-684.8057055367749, 405.17955494295614)
(-686.9933791781159, 411.3604750450175)
(-689.3669904669744, 418.19817394430675)
(-691.7963064013949, 425.38350671189284)
(-694.1510939794225, 432.6073284188444)
(-696.3019512264901, 439.5618786726857)
(-698.1837730648188, 446.0465191792639)
(-699.8404421196101, 452.0421910365585)
(-701.3263981417712, 457.54742408344174)
(-702.6960808822092, 462.5607481587858)
(-704.0039300918313, 467.0806931014626)
(-705.3043855215448, 471.10578875034446)
(-706.6453093010387, 474.6397347783023)
(-707.9852657743501, 477.7564165245742)
(-709.2184638395213, 480.5803009842426)
(-710.2376916284121, 483.2369718365333)
(-710.9357372728817, 485.85201276067215)
(-711.2053889047894, 488.55100743588525)
(-710.9394346559947, 491.4595395413985)
(-710.0676271047099, 494.66475793369057)
(-708.6915423373945, 498.07515314387945)
(-706.962644161734, 501.54734354181005)
(-705.032401774603, 504.9379418937668)
(-703.0522843728756, 508.1035609660339)
(-701.1737611534263, 510.9008135248958)
(-699.5472758765359, 513.1869916373099)
(-698.225176310626, 514.8843710793599)
(-697.0818780996847, 516.033098798001)
(-695.9730069755414, 516.6857691211991)
(-694.754188670025, 516.8949763769191)
(-693.281048914965, 516.7133148931271)
(-691.4092134421905, 516.1933789977882)
(-689.003754115986, 515.386960550985)
(-686.0710849307012, 514.3338441155823)
(-682.7264253322973, 513.0645710132707)
(-679.0877936207957, 511.60944479747894)
(-675.2732080962177, 509.9987690216358)
(-671.4006870585848, 508.26284723916984)
(-667.5882488079184, 506.4319830035101)
(-663.9312414419736, 504.5203162837273)
(-660.4113684485172, 502.4609597947562)
(-656.9747975841701, 500.16168969822917)
(-653.5676845214613, 497.53027353996515)
(-650.1361849329205, 494.47447886578357)
(-646.6264544910775, 490.9020732215035)
(-642.984900663909, 486.72146813340476)
(-639.18839816852, 481.91899676350056)
(-635.2729936521414, 476.6323276820468)
(-631.2815322390811, 471.0165169317357)
(-627.256859053648, 465.2266205552596)
(-623.2418192201503, 459.41769459531076)
(-619.2792578628971, 453.7447950945814)
(-615.4096314277533, 448.35398786622204)
(-611.6338607580406, 443.2425392300922)
(-607.9203669668155, 438.2853968088732)
(-604.2366066255732, 433.353877996124)
(-600.550036305808, 428.31930018540334)
(-596.8281125790147, 423.0529807702698)
(-593.038292016688, 417.4262371442823)
(-589.1597767888268, 411.3489040410767)
(-585.2352984137187, 404.9391479801936)
(-581.3289689435544, 398.3852486640025)
(-577.5049165424562, 391.8755386307307)
(-573.827269374547, 385.59835041860526)
(-570.3601556039494, 379.7420165658533)
(-567.1674102377468, 374.49412222736703)
(-564.2667300298572, 369.92462631361235)
(-561.5798030049872, 365.8587202054189)
(-559.0163371585573, 362.09105303816153)
(-556.4860404859886, 358.41627394721536)
(-553.8986209827017, 354.62903206795545)
(-551.1637866441175, 350.5239765357569)
(-548.195833983367, 345.90455835618627)
(-544.9934075697967, 340.7360282027083)
(-541.6291784496854, 335.1256371684871)
(-538.1783308394179, 329.1854572057174)
(-534.716048955379, 323.02756026659364)
(-531.3175170139536, 316.7640183033104)
(-528.0579192315263, 310.5069032680624)
(-524.9907815297329, 304.35328575879043)
(-522.0431529661201, 298.3126337128808)
(-519.0963034037946, 292.3627066658718)
(-516.0314395621463, 286.48122041757483)
(-512.7297681605648, 280.64589076780135)
(-509.07249591844015, 274.8344335163628)
(-504.9413388066031, 269.0247967074021)
(-500.3259741013156, 263.2441641833344)
(-495.4569550102979, 257.62957135536095)
(-490.5974268334757, 252.3329172718974)
(-486.0105348707752, 247.5061009813596)
(-481.9594244221215, 243.30102153216254)
(-478.70724078744075, 239.8695779727221)
(-476.50139760092145, 237.35434847329086)
(-475.26666241153805, 235.70674614250223)
(-474.6255308973755, 234.69909057608936)
(-474.1888473494876, 234.09679802205645)
(-473.5674560589283, 233.66528472840747)
(-472.37220131675156, 233.16996694314656)
(-470.2139274140112, 232.37626091427774)
(-466.7728885155625, 231.0888219314418)
(-462.1673146661135, 229.3599033974042)
(-456.6858030319212, 227.3380712740791)
(-450.6173322298009, 225.172107166394)
(-444.250880876568, 223.01079267927628)
(-437.87542758903777, 221.00290941765348)
(-431.779668203935, 219.29704149410938)
(-426.1678347007138, 217.9827838431332)
(-421.041951507814, 217.00851055488698)
(-416.3744154498574, 216.301903934258)
(-412.13762335146595, 215.7906462861336)
(-408.30397203726164, 215.40241991540103)
(-404.84585833186634, 215.06490712694753)
(-401.73347276037697, 214.70820763975473)
(-398.8862609588191, 214.3180216969729)
(-396.1729236741465, 213.93565006592115)
(-393.45995535378756, 213.60481092801285)
(-390.6138504451714, 213.36922246466136)
(-387.5011033957267, 213.2726028572801)
(-383.98820865288246, 213.3586702872824)
(-379.95981929166203, 213.67215513938518)
(-375.4245205024995, 214.2646960569814)
(-370.44266500110086, 215.19081732335175)
(-365.0747788178414, 216.50505288273175)
(-359.38138798309626, 218.26193667935695)
(-353.4230185272407, 220.51600265746285)
(-347.26023617820044, 223.32168763671731)
(-340.97133676625793, 226.69004972708433)
(-334.680196261272, 230.52063004876703)
(-328.5179141170449, 234.69529664785173)
(-322.6155897873793, 239.09591757042466)
(-317.10432272607756, 243.60436086257218)
(-312.11521238694223, 248.1024945703806)
(-307.7747829663129, 252.47494170535668)
(-304.09086278085226, 256.6777973320506)
(-300.9445837371464, 260.74344604221454)
(-298.21090024369687, 264.7079921731552)
(-295.764766709005, 268.60754006217934)
(-293.4811375415724, 272.4781940465937)
(-291.2349671499006, 276.356058463705)
(-288.9137152855748, 280.27404086310196)
(-286.49726400141157, 284.24142253514316)
(-284.0069192991929, 288.2568954108702)
(-281.4641825766867, 292.319101471517)
(-278.890555231661, 296.4266826983172)
(-276.30753866188354, 300.57828107250475)
(-273.7366295639378, 304.7725463345057)
(-271.1959162755918, 309.01375363924757)
(-268.6940706619146, 313.32171980406645)
(-266.2381520816671, 317.7189230492969)
(-263.8352198936099, 322.22784159527356)
(-261.49233345650373, 326.8709536623311)
(-259.21655212910923, 331.670737470804)
(-257.01324601680767, 336.64796104137474)
(-254.83802755993744, 341.77301774845307)
(-252.58981377711618, 346.95890253724275)
(-250.16443746714262, 352.1154878896588)
(-247.45773142881555, 357.1526462876166)
(-244.36552846093366, 361.9802502130313)
(-240.7836613622958, 366.50817214781824)
(-236.630209768855, 370.65332038738956)
(-232.0015409077864, 374.38898869139)
(-227.07970044496236, 377.71556759332043)
(-222.04727843698694, 380.63361979639853)
(-217.08686494046447, 383.1437080038421)
(-212.38105001199835, 385.2463949188691)
(-208.11237389100992, 386.9422554936793)
(-204.39726941507962, 388.2481190796239)
(-201.15574026922027, 389.22911276419154)
(-198.27147341203766, 389.9592931427697)
(-195.62815580213788, 390.51271681074564)
(-193.1094743981268, 390.9634403635066)
(-190.5991161586104, 391.38552039643986)
(-187.98285514208897, 391.85147205987505)
(-185.21678916110616, 392.38187230827333)
(-182.34256418404308, 392.9341157911338)
(-179.406994863265, 393.46177978323146)
(-176.45689585113735, 393.9184415593419)
(-173.53908180002546, 394.25767839424)
(-170.70036736229468, 394.4330675627013)
(-167.9788472516374, 394.4001707735313)
(-165.33672041922154, 394.13182166135437)
(-162.69710757253233, 393.6097470651533)
(-159.98280645836329, 392.81574732146714)
(-157.1166148235081, 391.7316227668351)
(-154.0213304147603, 390.3391737377963)
(-150.61976393856173, 388.62020469670784)
(-146.8728365868763, 386.5686529138783)
(-142.86334832336865, 384.2172568375635)
(-138.6984118917522, 381.60649510318984)
(-134.48514003574107, 378.7768463461837)
(-130.3306454990492, 375.76878920197163)
(-126.34204102539053, 372.62280230598014)
(-122.62442594591816, 369.37802309272575)
(-119.20462817848465, 366.0214498113531)
(-116.00779830662279, 362.47235006505656)
(-112.95229164647276, 358.64546490396026)
(-109.95646351417471, 354.455535378188)
(-106.93866922586878, 349.81730253786355)
(-103.81726409769513, 344.6455074331108)
(-100.5219824352045, 338.8755537353964)
(-97.09031252079551, 332.63851096500963)
(-93.61914862254395, 326.1733214368479)
(-90.20600600302748, 319.7200551032274)
(-86.94839992482378, 313.5187819164644)
(-83.94384565051045, 307.8095718288749)
(-81.28985546347921, 302.83248689265133)
(-79.05636332221992, 298.75445771304067)
(-77.21831779764106, 295.49053524497606)
(-75.7302332238032, 292.9015834935582)
(-74.54662393476681, 290.848466463888)
(-73.62200426459252, 289.1920481610662)
(-72.9108885473409, 287.79319259019366)
(-72.367296899157, 286.5138755670715)
(-71.92286319505439, 285.2664338144112)
(-71.47815879884445, 284.03308341635227)
(-70.93146702843377, 282.80118772879536)
(-70.181071201729, 281.55811010764126)
(-69.12525463663678, 280.2912139087904)
(-67.66230065106376, 278.9878624881436)
(-65.70349443175189, 277.63824956708766)
(-63.294347455664926, 276.26178847105166)
(-60.55955750879604, 274.8951305240087)
(-57.624845847863014, 273.57514984838144)
(-54.61593372958366, 272.3387205665923)
(-51.6585424106758, 271.2227168010639)
(-48.8783924324183, 270.26401290368375)
(-46.35189843230323, 269.5152972748344)
(-43.972492244301975, 269.0879470054271)
(-41.59116658131662, 269.10695082853215)
(-39.05891415624928, 269.6972974772196)
(-36.226727682002064, 270.9839756845596)
(-32.94559987147706, 273.0919741836224)
(-29.06892139636281, 276.14399411987665)
(-24.578097573649913, 280.1406141414942)
(-19.64433600339949, 284.9013466698379)
(-14.45420380594622, 290.23105156078725)
(-9.19426810162507, 295.9345886702217)
(-4.051096010770081, 301.8168178540213)
(0.7887453462837684, 307.68259896806546)
(5.146855666017929, 313.3480863284804)
(8.936959143440465, 318.75683964198333)
(12.130905320353785, 323.9328042090262)
(14.70145531182378, 328.9011860082688)
(16.62137023291635, 333.68719101837047)
(17.863411198697378, 338.3160252179912)
(18.40033932423275, 342.81289458579033)
(18.230400730289016, 347.19175072025445)
(17.453781560435537, 351.4215276991748)
(16.196152963942296, 355.4599052201706)
(14.583186090079018, 359.26456298086083)
(12.740552088116043, 362.79318067886305)
(10.793922107322917, 366.0034380117969)
(8.867858877760336, 368.8543427811481)
(7.016248143292984, 371.38958769635013)
(5.180957702609574, 373.7870849615584)
(3.2939249878503905, 376.23664531002953)
(1.2870874311566114, 378.9280794750189)
(-0.9076175353315223, 382.0511981897832)
(-3.3582524794727573, 385.7958121875777)
(-6.124848699896002, 390.3334320979727)
(-9.16819264846008, 395.60942858012703)
(-12.382133785269149, 401.4166492169129)
(-15.659267712735302, 407.54508454269535)
(-18.892190033272172, 413.78472509184223)
(-21.973496349291842, 419.9255613987185)
(-24.795782263207897, 425.75758399769205)
(-27.28938021904289, 431.1253459492145)
(-29.547330862590613, 436.108655044256)
(-31.70651762042662, 440.8507099874934)
(-33.90382455529542, 445.49471040342115)
(-36.276135729940464, 450.1838559165316)
(-38.96033520710628, 455.0613461513191)
(-42.09199431726321, 460.2691032662551)
(-45.70511780872292, 465.8502114006476)
(-49.66154802317831, 471.6802173908542)
(-53.80645074048226, 477.6184395234107)
(-57.98499174048959, 483.52419608485553)
(-62.04233680305313, 489.25680536172445)
(-65.82365170802767, 494.6755856405559)
(-69.18311389626781, 499.64811191934996)
(-72.0972431183887, 504.1540523109476)
(-74.63072921624443, 508.2538585931537)
(-76.85020855046673, 512.0097659934517)
(-78.82231748168621, 515.4840097393222)
(-80.61369237053454, 518.738825058249)
(-82.29096957764239, 521.8364471777131)
(-83.91971812832521, 524.843220068296)
(-85.56054570486184, 527.8445865569996)
(-87.27261949922408, 530.9315346865825)
(-89.11510654777202, 534.1950530988307)
(-91.1471738868666, 537.7261304355321)
(-93.42798855286783, 541.615755338473)
(-96.01608710493257, 545.9540181068298)
(-98.9096929760113, 550.7450711962815)
(-101.99763019879929, 555.8371880834343)
(-105.15717005728028, 561.0621811795635)
(-108.2655838354394, 566.251862895947)
(-111.20014281726036, 571.2380456438608)
(-113.83811828672795, 575.8525418345821)
(-116.06637268416438, 579.9399528536406)
(-117.91528056694034, 583.5362410346412)
(-119.52569240431467, 586.8246787479528)
(-121.04130048964528, 589.9923276896466)
(-122.6057971162909, 593.2262495557953)
(-124.36287457760946, 596.7135060424705)
(-126.45622516695975, 600.6411588457452)
(-128.99768552012347, 605.1548791853269)
(-131.9394014267855, 610.1928498567703)
(-135.18358466766887, 615.6283737386872)
(-138.63243004320535, 621.3347316469735)
(-142.18813235382535, 627.1852043975226)
(-145.75288639996086, 633.0530728062311)
(-149.22922035647048, 638.8120474449278)
(-152.56000070404718, 644.3878393537179)
(-155.76643691404897, 649.8071522176961)
(-158.8787395674013, 655.1082931322347)
(-161.9271192450283, 660.3295691927044)
(-164.94178652785533, 665.5092874944777)
(-167.95295199680646, 670.685755132925)
(-170.98995964788472, 675.8971088939736)
(-174.06781041757955, 681.1786667301645)
(-177.18971471598726, 686.5634294085488)
(-180.35853302867696, 692.0843289257073)
(-183.5771258412165, 697.7742972782196)
(-186.8483536391755, 703.6662664626673)
(-190.17507690812178, 709.7931684756295)
(-193.55533298538646, 716.1599813640196)
(-196.9610718646722, 722.6204864346333)
(-200.35546395434395, 728.9775803698378)
(-203.70167304664957, 735.0341215063875)
(-206.96286293383844, 740.59296818104)
(-210.10219740815845, 745.4569787305496)
(-213.0830774858069, 749.4293936555005)
(-215.90623945763528, 752.37359996179)
(-218.65011029475568, 754.2781430465761)
(-221.40281125995853, 755.1471856493669)
(-224.2524636160354, 754.9848905096698)
(-227.28718862577665, 753.7954203669929)
(-230.595107551974, 751.5829379608435)
(-234.25811294870152, 748.3596751145959)
(-238.2435986351312, 744.2861929340729)
(-242.4184707803499, 739.6532309156676)
(-246.6462240368018, 734.7559480615099)
(-250.79035305692906, 729.889503373732)
(-254.71435249317577, 725.3490558544637)
(-258.2817169979842, 721.4297645058373)
(-261.3811487107099, 718.3777577927927)
(-264.0485526753288, 716.1528429966221)
(-266.3731150670436, 714.6111914235075)
(-268.4440955522737, 713.608831433458)
(-270.3507537974378, 713.001791386483)
(-272.182349468955, 712.6460996425916)
(-274.0281536881863, 712.3980953371638)
(-275.9798660242613, 712.1800019841461)
(-278.13460423401773, 712.0610398477767)
(-280.59021919060143, 712.1303188160127)
(-283.44456176715727, 712.4769487768109)
(-286.79548283683147, 713.1900396181281)
(-290.74083327276855, 714.3587012279208)
(-295.36928365570384, 716.0677875729264)
(-300.5812228257723, 718.3148664835201)
(-306.10064735742674, 721.0157315335506)
(-311.6447545998019, 724.0830242221806)
(-316.930741902035, 727.4293860485741)
(-321.6758066132611, 730.9674585118939)
(-325.597146082617, 734.6098831113044)
(-328.45972138025076, 738.2861974917928)
(-330.32988236424364, 742.0325538753311)
(-331.3912153493607, 745.9265762165378)
(-331.8275691418123, 750.045981324895)
(-331.8227925478082, 754.4684860098833)
(-331.56073437355843, 759.2718070809849)
(-331.2250842005732, 764.5333535196507)
(-330.9519726315914, 770.2385888567471)
(-330.76367346791284, 776.1528580423645)
(-330.6657781258913, 782.0092540851)
(-330.66387802188046, 787.5408699935541)
(-330.76356457223426, 792.4807987763241)
(-330.97042919330636, 796.56213344201)
(-331.2874246050149, 799.5311593948959)
(-331.6568135092601, 801.4375871400509)
(-331.96016858992374, 802.6345522833268)
(-332.07642383445227, 803.4883828262623)
(-331.8845132302921, 804.3654067703952)
(-331.26337076488954, 805.6319521172646)
(-330.09193042569115, 807.6543468684083)
(-328.27517725759657, 810.7354818184796)
(-325.8958940295959, 814.7452906345013)
(-323.11113117039366, 819.3728570159819)
(-320.0781877525082, 824.3066591872362)
(-316.9543628484567, 829.2351753725807)
(-313.8969555307579, 833.8468837963303)
(-311.06312386154633, 837.8305307853238)
(-308.54704648797565, 840.9946051965635)
(-306.280996024869, 843.4554272310825)
(-304.1715864200121, 845.3781018192195)
(-302.12543162119107, 846.9277338913131)
(-300.0491455761914, 848.2694283777021)
(-297.8493422327993, 849.568290208725)
(-295.43296684222935, 850.9860185811744)
(-292.71555965877434, 852.5959577648181)
(-289.6218352740105, 854.3771416616422)
(-286.07695560435246, 856.3040057630229)
(-282.00608256621376, 858.3509855603365)
(-277.33437807600916, 860.4925165449588)
(-271.98700405015177, 862.7030342082663)
(-265.9123201085671, 864.9462561087176)
(-259.23013139868385, 867.1066875818058)
(-252.1370854608114, 869.0333308102341)
(-244.83019229937324, 870.5750205090056)
(-237.50646191879642, 871.5805913931222)
(-230.36290432350435, 871.8988781775863)
(-223.59646053462217, 871.3788382675981)
(-217.35405867951556, 869.9583794617248)
(-211.64445333218265, 867.8211580246234)
(-206.45273779412432, 865.1929129587775)
(-201.76400536684412, 862.2993832666724)
(-197.56334935184316, 859.3663079507916)
(-193.83586305062482, 856.61942601362)
(-190.56486755211262, 854.2781274046499)
(-187.6814826822769, 852.3747880611779)
(-185.05734853437008, 850.7286943737963)
(-182.5608695158521, 849.1475407035605)
(-180.06045003418416, 847.4390214115259)
(-177.42449449682618, 845.4108308587481)
(-174.52140731123953, 842.8706634062831)
(-171.239825662124, 839.6538986252691)
(-167.63053351903926, 835.817787150313)
(-163.82223661419238, 831.5262026635341)
(-159.94413578551558, 826.943696317369)
(-156.12543187093928, 822.2348192642512)
(-152.49532570839577, 817.5641226566172)
(-149.18297513371502, 813.096108746286)
(-146.26047419540234, 808.9303886690882)
(-143.63035965980012, 804.9737584362473)
(-141.163819762008, 801.0973655107163)
(-138.73204273712443, 797.1723573554468)
(-136.20621682024893, 793.069881433392)
(-133.45753024647996, 788.6610852075029)
(-130.36063405963804, 783.8212446421751)
(-126.90685685666053, 778.5647434276797)
(-123.22946433145538, 773.0751884360373)
(-119.47029779236155, 767.5464107356928)
(-115.77119854771969, 762.1722413950938)
(-112.27400790586914, 757.146511482686)
(-109.12056717514932, 752.6630520669154)
(-106.43331752956695, 748.8857021806801)
(-104.16584712207373, 745.7172590659854)
(-102.18480276286729, 742.9261112129335)
(-100.35611273865038, 740.2795362954926)
(-98.54570533612666, 737.544811987633)
(-96.61950884199891, 734.4892159633233)
(-94.44346337580645, 730.8800509115368)
(-91.91830592056006, 726.5581812331487)
(-89.05605514253959, 721.5997244612958)
(-85.8909285458614, 716.1277272011798)
(-82.45714363464312, 710.2652360580049)
(-78.78891791300093, 704.135297636973)
(-74.92046888505264, 697.8609585432881)
(-70.88611621951691, 691.5641556568835)
(-66.72415123404065, 685.3236852878832)
(-62.478024558700504, 679.1623026203512)
(-58.19153162910897, 673.0990175155724)
(-53.908467880876486, 667.1528398348296)
(-49.67262874961553, 661.3427794394081)
(-45.52780967093654, 655.6878461905907)
(-41.51709489541057, 650.2079539709551)
(-37.67683406706848, 644.9315773432854)
(-34.03966396521657, 639.8919104701498)
(-30.638182557104106, 635.1221968499801)
(-27.504987809978743, 630.6556799812057)
(-24.672677691089625, 626.5256033622585)
(-22.173847183605943, 622.7652068770589)
(-20.013467655433892, 619.3742708968421)
(-18.10136909763176, 616.2373343924965)
(-16.326913706390336, 613.2141444155516)
(-14.579463677899502, 610.1644480175352)
(-12.748381208350002, 606.9479922499767)
(-10.72302849393172, 603.4245241644043)
(-8.394515055778847, 599.4561802822515)
(-5.733097763386036, 595.0133312617305)
(-2.8188560947278383, 590.21653036949)
(0.2600410048920141, 585.1973932328445)
(3.415424590168386, 580.0875354791114)
(6.5591257157976015, 575.0185727356051)
(9.602975436474509, 570.1221206296428)
(12.465226897502964, 565.5201296018485)
(15.130432436142712, 561.234770424998)
(17.62225735548334, 557.2293492217276)
(19.964872487611462, 553.46641129823)
(22.182448664614846, 549.9085019606963)
(24.29915671858017, 546.5181665153194)
(26.339167554202852, 543.2579500989359)
(28.331655996497968, 540.0787264241114)
(30.32436729102542, 536.8880545134828)
(32.369353712808255, 533.5834474327179)
(34.51866753686855, 530.0624182474859)
(36.824361038229384, 526.2224800234544)
(39.33848649191277, 521.9611458262931)
(42.112529554677785, 517.1775164348412)
(45.16772705811021, 511.8554524410504)
(48.480467089621825, 506.1044844803474)
(52.02350840622575, 500.044312884486)
(55.769609764936696, 493.79463798521726)
(59.691529922767664, 487.4751601142954)
(63.762027636733464, 481.2055796034714)
(67.95104541426988, 475.1003244210534)
(72.19675750036198, 469.21434846491866)
(76.41729416361684, 463.5650808591443)
(80.53047132522079, 458.1693622310061)
(84.45410490635825, 453.04403320778243)
(88.10601082821552, 448.20593441674896)
(91.4040050119771, 443.67190648518385)
(94.29237833997165, 439.44405371359284)
(96.8213215390963, 435.4655350954019)
(99.06750029739204, 431.6647732972651)
(101.10758030289865, 427.9701909858381)
(103.01822724365675, 424.31021082777517)
(104.8761068077069, 420.6132554897307)
(106.7577668169382, 416.80812254202317)
(108.73223950325453, 412.8475148254326)
(110.85664542840482, 408.722023316899)
(113.18704918716303, 404.4255977684145)
(115.77951537430205, 399.9521879319731)
(118.6901085845959, 395.2957435595669)
(121.97489341281741, 390.45021440319005)
(125.67938717353378, 385.41457104424495)
(129.71877121848038, 380.24982798660625)
(133.92032009563036, 375.0588460733976)
(138.10966169063778, 369.9452700095969)
(142.11242388915863, 365.01274450017956)
(145.754234576847, 360.3649142501233)
(148.8607216393588, 356.1054239644036)
(151.31772170858864, 352.2911081585881)
(153.2706706943148, 348.7769720106935)
(154.93495521628336, 345.36363647406216)
(156.52596290924066, 341.85172171290844)
(158.2590814079323, 338.04184789144807)
(160.34969834710463, 333.73463517389536)
(163.01129901751665, 328.73289665522447)
(166.3101836511206, 323.0091132953618)
(170.06316358889896, 316.8233648621802)
(174.06288335748576, 310.463589466149)
(178.10198748351678, 304.21772521773465)
(181.973120493626, 298.3737102274063)
(185.46892691444924, 293.21948260563045)
(188.39792511309042, 289.01873274472143)
(190.78413671487357, 285.7059640153241)
(192.80689300027842, 282.9784401136603)
(194.64895399932723, 280.52818722882876)
(196.49307974204137, 278.0472315499296)
(198.52203025844307, 275.22759926606176)
(200.91856557855354, 271.7613165663254)
(203.8230475126889, 267.4160161453754)
(207.17875630841453, 262.3107758380715)
(210.87175099740253, 256.6667130509191)
(214.78808442992386, 250.70495621338975)
(218.81380945625128, 244.64663375495203)
(222.83497892665562, 238.71287410507753)
(226.73801078845045, 233.12388434992516)
(230.44424914290846, 228.01173342419528)
(233.93838914831287, 223.34862023898907)
(237.2118159341919, 219.0898611795043)
(240.25591463007547, 215.19077263093683)
(243.0620703654921, 211.60667097848423)
(245.62166826997134, 208.29287260734284)
(247.92889334725206, 205.20436184041495)
(250.01982501517045, 202.29115436479657)
(251.9627930944957, 199.4994410018989)
(253.82695699835446, 196.77531418430658)
(255.68147613987418, 194.0648663446029)
(257.5955099321814, 191.3141899153725)
(259.63821778840384, 188.46937732919878)
(261.86530130168603, 185.48068157303163)
(264.2649986748985, 182.31921228841043)
(266.80445286583654, 178.96260082054715)
(269.45079965876, 175.38848073238788)
(272.1711748379278, 171.57448558688031)
(274.9327141875999, 167.49824894697045)
(277.70266352261933, 163.13754214578486)
(280.4615823585169, 158.48680670806732)
(283.21588739810625, 153.57286015055132)
(285.97496616997546, 148.42623978479244)
(288.74820620271095, 143.07748292234854)
(291.5449950249009, 137.55712687477495)
(294.374720165132, 131.89570895362962)
(297.24557911912217, 126.12550415146723)
(300.1460728567958, 120.30754824509427)
(303.0485110740323, 114.5265194416843)
(305.9247229348209, 108.86779761905953)
(308.7465376031519, 103.41676265504013)
(311.4857842430155, 98.25879442744635)
(314.11429201840104, 93.47927281410023)
(316.6097627332355, 89.14311988573805)
(318.98166200388516, 85.20460595270018)
(321.25014542366597, 81.58076194260927)
(323.4353766416406, 78.18859072025427)
(325.5575193068725, 74.94509515042246)
(327.63673706842417, 71.76727809790272)
(329.6932167325198, 68.57223401774611)
(331.75078967397184, 65.29147221511703)
(333.8408712217923, 61.88649774373931)
(335.9958230355408, 58.3225585456066)
(338.24800677477776, 54.56490256271089)
(340.6297840990629, 50.578777737045925)
(343.1735166679569, 46.32943201060359)
(345.90817927836054, 41.786928112446326)
(348.8004879978978, 37.009836206050075)
(351.76251869744505, 32.13440333146981)
(354.70449223444786, 27.299513628512575)
(357.5366294663504, 22.64405123698767)
(360.1691512505983, 18.306900296702196)
(362.51227844463585, 14.42694494746534)
(364.5041044639118, 11.103742621855364)
(366.245488711282, 8.207196540849633)
(367.8962048885895, 5.5240849611647835)
(369.61610795877954, 2.8410714843944422)
(371.56505288479656, -0.05518028786683171)
(373.9028946295861, -3.3780067540258303)
(376.789023399735, -7.340157935418564)
(380.28430105401264, -12.030071914697874)
(384.22975969402574, -17.25883042075041)
(388.43668701449394, -22.79998705003195)
(392.716370710135, -28.427095398995746)
(396.88009847566866, -33.913709064097645)
(400.7391580058127, -39.03338164179094)
(404.1122370894098, -43.568526446599996)
(406.9697945635032, -47.48326376538318)
(409.4244763883966, -50.911946560985115)
(411.59440927653424, -53.99548959370393)
(413.5977199403617, -56.8748076238393)
(415.5525350923232, -59.69081541168946)
(417.57698144486426, -62.58442771755405)
(419.7779731090506, -65.68684651165755)
(422.1916727497158, -69.06798611816906)
(424.82672160689555, -72.77392073597645)
(427.69169930038703, -76.85067118612838)
(430.7951854499865, -81.34425828967169)
(434.1457596754907, -86.30070286765459)
(437.7519120199071, -91.76584284477379)
(441.5953767487622, -97.73088665844122)
(445.5938344552263, -104.05625905712405)
(449.6555805397877, -110.58322226393804)
(453.6889104029366, -117.153038502002)
(457.6021194451612, -123.6069699944316)
(461.3035030669517, -129.7862789643456)
(464.7048964299118, -135.5387809664456)
(467.79954920130183, -140.8630181819084)
(470.6621255540354, -145.9082594183806)
(473.3708294221431, -150.83032681509715)
(476.00386473965403, -155.78504251129053)
(478.6394354405986, -160.92822864619558)
(481.35574545900613, -166.41570735904472)
(484.2175414596225, -172.36566972910848)
(487.19772462815706, -178.6394759247149)
(490.23083149285134, -184.9912056031778)
(493.25127013929995, -191.17457925288542)
(496.1934486530987, -196.943317362229)
(498.99177511984215, -202.051140419597)
(501.58061641026444, -206.25198784845938)
(503.8759316166741, -209.39758196552643)
(505.7463575377471, -211.59102310172483)
(507.0530313938019, -212.97524966364955)
(507.65709040515793, -213.69320005789652)
(507.41967179213407, -213.88781269106127)
(506.2019127750495, -213.70202596973917)
(503.87030982458873, -213.27464181141812)
(500.430394414768, -212.6371492189761)
(496.0361044836256, -211.7064910031831)
(490.84861401201204, -210.39402490036312)
(485.0290969807755, -208.61110864683968)
(478.73872737076704, -206.269099978937)
(472.13867916283465, -203.27935663297836)
(465.39265936040437, -199.58639651433342)
(458.68309558686815, -195.3798119027202)
(452.2008061029007, -190.95903813782076)
(446.13664874765146, -186.62402868695656)
(440.6814813602728, -182.67473701745098)
(436.0261617799145, -179.41111659662556)
(432.36138794828895, -177.1328908523821)
(429.76193216340437, -175.97300463203027)
(427.9822921517731, -175.60363382160767)
(426.72212081812705, -175.6180507855755)
(425.6810710671992, -175.609527888395)
(424.55879580372175, -175.17133749452753)
(423.0549479324274, -173.8967519684345)
(420.8758998040191, -171.38896656491804)
(417.92594786156, -167.543459425333)
(414.33490937742147, -162.58874484738155)
(410.24486991284584, -156.77145423033477)
(405.797915029077, -150.33821897346587)
(401.13613028735665, -143.53567047604517)
(396.40160124892896, -136.61044013734613)
(391.72854231295986, -129.79376033239149)
(387.188087876871, -123.19345466033484)
(382.8210584164807, -116.85804101561747)
(378.66808179651366, -110.835660471205)
(374.7697858816925, -105.17445410006005)
(371.1667985367419, -99.92256297514804)
(367.899728915904, -95.12810264441686)
(364.9843573655942, -90.80531696098282)
(362.36268880700527, -86.86780464402644)
(359.96308822093476, -83.2105566768342)
(357.7139205881783, -79.72856404269079)
(355.54355088953344, -76.31681772488263)
(353.38034410579576, -72.87030870669442)
(351.1532720780136, -69.28518275357092)
(348.8117544902604, -65.49649541993941)
(346.3300856267456, -61.48663563622535)
(343.6840626555918, -57.24085214040807)
(340.8494827449231, -52.744393670468845)
(337.8021430628625, -47.982508964387414)
(334.5178407775329, -42.940446760143466)
(330.97809840073154, -37.60848933010895)
(327.214270139186, -32.020729338570845)
(323.28336822127153, -26.233817140976203)
(319.24261692512715, -20.304589519969035)
(315.1492405288939, -14.289883258196129)
(311.0604633107108, -8.246535138301438)
(307.0335047489283, -2.2313795820383504)
(303.1114695599743, 3.7056916768877546)
(299.29232291870267, 9.536989883283644)
(295.5650254150767, 15.239255405468628)
(291.91853763906175, 20.78922861175928)
(288.3418201806212, 26.163649870474856)
(284.8238336297203, 31.339259549931995)
(281.3546251927689, 36.292182072996056)
(277.9664842905322, 40.97459698301304)
(274.74657447431684, 45.30757857791375)
(271.7857266259374, 49.210122339720236)
(269.1747716272072, 52.60122375045648)
(267.0045403599406, 55.399878292144756)
(265.3658637059513, 57.52508144680881)
(264.322762753694, 58.907304930395455)
(263.6853817534695, 59.5856952980631)
(263.12389978443304, 59.659312772478586)
(262.30703281388776, 59.22784387781181)
(260.9034968091365, 58.39097513823249)
(258.58200773748285, 57.24839307791068)
(255.01129564887233, 55.89978268716278)
(249.99045361985245, 54.43063007783488)
(243.76757163494148, 52.87751752226826)
(236.6873325272565, 51.266506594151785)
(229.09441912991122, 49.62365886717354)
(221.333514276023, 47.9750359150224)
(213.74930079870552, 46.34669931138645)
(206.68251858207367, 44.7644791041063)
(200.2953065239478, 43.24371807759871)
(194.50198187559687, 41.785207187966385)
(189.19860749475762, 40.388665512384215)
(184.2812462391695, 39.05381212802776)
(179.64596096656942, 37.78036611207192)
(175.18881453469663, 36.56804654169222)
(170.80578435917317, 35.41530602460673)
(166.39196578410926, 34.3075226252492)
(161.8419337787492, 33.22236112905754)
(157.05025658657527, 32.1373866285392)
(151.91150245106758, 31.030164216201108)
(146.32023961570854, 29.878258984550726)
(140.1710371262031, 28.65923614317065)
(133.41375097055155, 27.358729406645736)
(126.20341661672919, 25.99231611805196)
(118.7426567191796, 24.582518433039738)
(111.23409393234914, 23.151858507259988)
(103.88035091068059, 21.72285849636298)
(96.88405030862027, 20.318040555999637)
(90.44540695600415, 18.959652975860255)
(84.63609435212439, 17.655323755277003)
(79.3372028176879, 16.391003963705934)
(74.41439996010563, 15.150890491262427)
(69.733353386786, 13.919180228061268)
(65.15973070513986, 12.680070064217826)
(60.55919952257569, 11.417756889846883)
(55.79742744650429, 10.116437595063816)
(50.74008208433414, 8.760309069983398)
(45.252831043476114, 7.333568204721025)
(39.20134193133856, 5.820411889391439)
(32.45128235533255, 4.205037014110076)
(24.868319922866142, 2.471640468991631)
(16.318122241350785, 0.6044191441515944)
