(0.057223, -0.024722)
(-5.275152808450003, -1.9855552722886067)
(-10.794587353099843, -3.7960744319251307)
(-16.466718979101625, -5.465267716492711)
(-22.25718603160746, -7.0021233635744915)
(-28.131626855769458, -8.415629610753609)
(-34.05567979673972, -9.714774695613203)
(-39.994983199670365, -10.908546855736418)
(-45.91517540971349, -12.005934328706392)
(-51.78189477202121, -13.015925352106265)
(-57.56077963174563, -13.947508163519178)
(-63.21746833403886, -14.809671000528272)
(-68.71759922405299, -15.611402100716685)
(-74.02681064694018, -16.361689701667558)
(-79.116242844218, -17.070662507495634)
(-84.051543761466, -17.768039353844927)
(-88.97789594302786, -18.50002549158225)
(-94.04296125076868, -19.313340099585158)
(-99.39440154655355, -20.25470235673118)
(-105.1798786922476, -21.370831441897884)
(-111.54705454971587, -22.7084465339628)
(-118.59457873618636, -24.298492292807634)
(-126.11092287838719, -26.072083047353797)
(-133.76357675149114, -27.921395295177913)
(-141.2197547477439, -29.738516902265637)
(-148.1466712593909, -31.415535734602653)
(-154.21154067867766, -32.84453965817461)
(-159.08187249594982, -33.917706227785004)
(-162.60983018120427, -34.583334664678915)
(-165.14739853598968, -34.941634298417185)
(-167.13030483610476, -35.118266210078446)
(-168.9942763573483, -35.23889148074133)
(-171.17504037551902, -35.42917119148447)
(-174.1083241664156, -35.81476642338649)
(-178.22088817550411, -36.5188262984648)
(-183.62009330757775, -37.57502366444862)
(-190.01452578338035, -38.90531901990723)
(-197.08768440419303, -40.42464489830918)
(-204.5230679712967, -42.04793383312297)
(-212.0041752859723, -43.690118357817106)
(-219.21450514950087, -45.266131005860125)
(-225.86017697316052, -46.696861051969215)
(-231.88238445119697, -47.965100463938086)
(-237.36171001880643, -49.090346791899975)
(-242.38056530231964, -50.09257927141944)
(-247.0213619280674, -50.99177713806105)
(-251.3665115223805, -51.80791962738939)
(-255.4984257115898, -52.56098597496902)
(-259.50149199231447, -53.27303998061185)
(-263.468461710774, -53.974969394744726)
(-267.49429889337415, -54.69999636901193)
(-271.6739675805726, -55.48134306988313)
(-276.10243181282743, -56.35223166382801)
(-280.87465563059664, -57.34588431731621)
(-286.0849897875033, -58.49531525252376)
(-291.7630173432966, -59.811578213120086)
(-297.81731521640194, -61.26469795738465)
(-304.1432024674633, -62.82020396387577)
(-310.6359981571249, -64.44362571115182)
(-317.19102134603054, -66.10049267777119)
(-323.7035910948242, -67.7563343422922)
(-330.07107621036505, -69.37746422064475)
(-336.22898562126124, -70.94478460105937)
(-342.1465497708233, -72.45209640651314)
(-347.79416092497405, -73.89364496248528)
(-353.14221134963566, -75.263675594455)
(-358.1610933107308, -76.55643362790147)
(-362.82119907418183, -77.76616438830392)
(-367.1083662297038, -78.89014117092425)
(-371.1121343785863, -79.94596747333502)
(-374.9647273652238, -80.95961480144943)
(-378.7985012142447, -81.95708057438007)
(-382.74581195027764, -82.96436221123948)
(-386.93901559795086, -84.00745713114019)
(-391.5104139892626, -85.11235287797672)
(-396.54099781823237, -86.29568685574564)
(-401.9650593319931, -87.54736443607698)
(-407.69084243756384, -88.85254434818013)
(-413.626591041964, -90.19638532126476)
(-419.68054905221265, -91.56404608454027)
(-425.76096037532915, -92.94068536721622)
(-431.7764787688379, -94.31126044601416)
(-437.6520519929665, -95.65271965941842)
(-443.334005576664, -96.9315036006738)
(-448.770115214235, -98.11334006795708)
(-453.9081565999837, -99.16395685944495)
(-458.69590542821476, -100.0490817733142)
(-463.0811373932325, -100.73444260774151)
(-467.02639981942957, -101.19176809111705)
(-470.6583518410005, -101.45945688006022)
(-474.2060269286837, -101.61749689693626)
(-477.9000140448714, -101.74650797790805)
(-481.9709021519562, -101.92710995913842)
(-486.6492802123307, -102.23992267679027)
(-492.16573718838737, -102.76556596702638)
(-498.6587429788246, -103.55445849297392)
(-505.8540855214755, -104.52172141462633)
(-513.3620363885816, -105.54460392926082)
(-520.79286159681, -106.50035341276316)
(-527.7568271628278, -107.26621724101922)
(-533.8641991033023, -107.71944278991478)
(-538.7271545144717, -107.73762037992076)
(-542.2003070720962, -107.24184574771925)
(-544.6152635609832, -106.2388113818523)
(-546.3593017229609, -104.74519996359948)
(-547.819699299858, -102.77769417424042)
(-549.3837340335024, -100.35297669505475)
(-551.4386836657226, -97.48773020732212)
(-554.3557448845673, -94.20154221525246)
(-558.1811286760345, -90.5727044555212)
(-562.6591951527621, -86.73403390615383)
(-567.5228582509432, -82.82041514076094)
(-572.505031906771, -78.96673273295328)
(-577.3386300564391, -75.30787125634154)
(-581.7565666361409, -71.9787152845363)
(-585.5243936147357, -69.087253070303)
(-588.640299511528, -66.54976194543652)
(-591.2034764055522, -64.19928431832845)
(-593.3135268809884, -61.86852430865564)
(-595.0700535220174, -59.39018603609494)
(-596.5726589128195, -56.59697362032311)
(-597.9209247327257, -53.32162408350983)
(-599.181885984622, -49.44810020725211)
(-600.3242524647155, -45.01512046353308)
(-601.2982386963547, -40.09051334420411)
(-602.054059202889, -34.742107341116636)
(-602.5419285076669, -29.037730946121865)
(-602.7120611340376, -23.045212651071207)
(-602.5154178416774, -16.832775887540986)
(-601.9362617721163, -10.486269111579771)
(-601.0047783311062, -4.115844777499255)
(-599.7545051112609, 2.1665705417769834)
(-598.218979705194, 8.249050273325283)
(-596.4317397055188, 14.019667844222242)
(-594.4263227048488, 19.36649668154419)
(-592.2347465967397, 24.184520707679404)
(-589.8709533804488, 28.450919975982316)
(-587.3370258022907, 32.196801869321625)
(-584.6348398940631, 35.45421375910618)
(-581.7662716875641, 38.25520301674484)
(-578.7331972145911, 40.63181701364644)
(-575.537492506942, 42.61610312121978)
(-572.1805798870209, 44.2435333577282)
(-568.6617302707704, 45.56581878668326)
(-564.9795775371067, 46.6394788949575)
(-561.1327554669454, 47.52103390914719)
(-557.1198978412016, 48.26700405584864)
(-552.9396384407905, 48.9339095616581)
(-548.5907880898891, 49.577892339072314)
(-544.0995863063406, 50.196483419496694)
(-539.5491252155042, 50.665728594854016)
(-535.0295582845343, 50.84658466050846)
(-530.631038980586, 50.60000841182422)
(-526.4437207708139, 49.78695664416549)
(-522.5577571223724, 48.26838615289641)
(-519.0619292246027, 45.91135551905002)
(-516.0148112829554, 42.71723762905825)
(-513.4455048685421, 38.81845441496175)
(-511.3818861724582, 34.35287641851087)
(-509.8518313857994, 29.45837418145593)
(-508.883216699661, 24.27281824554731)
(-508.5039183051386, 18.93407915253532)
(-508.72970784250185, 13.570043096459925)
(-509.4846966100225, 8.232990927641184)
(-510.6510364693148, 2.9405935706489634)
(-512.1106618222539, -2.2896574199769884)
(-513.7455070707148, -7.440270489697387)
(-515.4375066165728, -12.493754083972476)
(-517.0685924854554, -17.432613225959926)
(-518.5138302016217, -22.229463713791038)
(-519.6263565346391, -26.825339266449813)
(-520.2549400799426, -31.154982501436365)
(-520.2483494329675, -35.153136036250785)
(-519.4553531891493, -38.75454248839322)
(-517.7247199439224, -41.89394447536375)
(-514.9088425701906, -44.50716367375999)
(-511.04284008748874, -46.5844249654029)
(-506.42671024098, -48.19481579193428)
(-501.38121890552554, -49.413606907252706)
(-496.22713195598664, -50.31606906525664)
(-491.2852152672247, -50.97747301984457)
(-486.876234714101, -51.47308952491498)
(-483.300991333166, -51.87555658679409)
(-480.6056526910344, -52.223933895802624)
(-478.6607278802227, -52.53411719702738)
(-477.3332418993644, -52.82154279082695)
(-476.490219747093, -53.101646977559916)
(-475.99868642204206, -53.38986605758483)
(-475.725666922845, -53.7016363312603)
(-475.5352580759314, -54.024921652838906)
(-475.2768569343219, -54.20977092328395)
(-474.7952576442308, -54.0630480461044)
(-473.93525275897287, -53.39160198004514)
(-472.5416348318629, -52.00228168385107)
(-470.4591964162156, -49.70193611626707)
(-467.533444861005, -46.298117675384574)
(-463.74780924415074, -41.73410925740182)
(-459.3870085047126, -36.24969687836505)
(-454.7755495462941, -30.123822387759237)
(-450.237939272499, -23.635427635069398)
(-446.09868458693063, -17.063454469780496)
(-442.6822923931928, -10.68684474137753)
(-440.3041812882313, -4.7753307316413425)
(-439.0611794437002, 0.6228622532669152)
(-438.82607813725286, 5.686535021211048)
(-439.4614908393088, 10.604801985034795)
(-440.83003102028744, 15.566777557581887)
(-442.7943121506084, 20.76157615169606)
(-445.2169477006911, 26.378312180221066)
(-447.96172271413354, 32.56737491485379)
(-450.9018548596671, 39.16736794771045)
(-453.9151126014315, 45.866473029787116)
(-456.87929377746514, 52.351900988211874)
(-459.6721962258062, 58.310862650112874)
(-462.1716177844929, 63.43056884261806)
(-464.255363011389, 67.3982488565202)
(-465.84491731956405, 70.02115127125872)
(-467.0092854503447, 71.51185475323223)
(-467.8485824471566, 72.16841789614126)
(-468.46292335342537, 72.28889929368634)
(-468.95242321257655, 72.17135753956796)
(-469.41719706803576, 72.11385122748666)
(-469.9572326836595, 72.41264085011595)
(-470.6652157691143, 73.26082948656445)
(-471.6227022301632, 74.69428750384667)
(-472.91031225385825, 76.73566620492855)
(-474.6086660272518, 79.40761689277586)
(-476.79838373739585, 82.73279087035468)
(-479.56008557134294, 86.73383944063082)
(-482.9656421397088, 91.4260138037905)
(-486.9670618922119, 96.72318970299045)
(-491.429430398794, 102.46572638045261)
(-496.2158854704995, 108.49233572825163)
(-501.18956491837287, 114.64172963846228)
(-506.2136065534584, 120.75262000315928)
(-511.15114818680064, 126.66371871441736)
(-515.8797233456228, 132.23234083162993)
(-520.3533965593906, 137.41470021311991)
(-524.5515649233699, 142.199747258716)
(-528.4536418040268, 146.57645339504776)
(-532.0390405678266, 150.53379004874438)
(-535.2871745812351, 154.06072864643522)
(-538.1776119496552, 157.14643041326167)
(-540.7279938296653, 159.8267559288903)
(-543.0436531712264, 162.24512610822507)
(-545.2422257529453, 164.56005217647748)
(-547.4413473534287, 166.930045358859)
(-549.7586537512834, 169.51361688058108)
(-552.3117807251161, 172.46927796685526)
(-555.213967606899, 175.9497278910198)
(-558.4625135923616, 179.95439703724705)
(-561.9298917133964, 184.317699876409)
(-565.482398310918, 188.86588550545616)
(-568.9863297258407, 193.42520302133906)
(-572.3079822990794, 197.82190152100836)
(-575.3136523715485, 201.88223010141462)
(-577.890633467214, 205.45602910248724)
(-580.1061246148349, 208.59527047706405)
(-582.118763638388, 211.45466161779748)
(-584.0879091557749, 214.18971976047794)
(-586.172919784897, 216.95596214089582)
(-588.5331541436559, 219.90890599484146)
(-591.3279684211712, 223.20406662772885)
(-594.6662174498017, 226.9568212697659)
(-598.4763400764493, 231.13915396616426)
(-602.6465026058854, 235.69104046714153)
(-607.0648713428806, 240.55245652291552)
(-611.6196125922062, 245.66337788370382)
(-616.1988926586332, 250.96378029972422)
(-620.6912515801172, 256.3937032470699)
(-625.0098265608765, 261.89738030612233)
(-629.1071854437786, 267.425768441937)
(-632.9394452057173, 272.9304297883955)
(-636.4627228235871, 278.3629264793794)
(-639.6331352742815, 283.67482064877044)
(-642.4067995346946, 288.81767443045027)
(-644.744263210929, 293.74487217860485)
(-646.6713885065967, 298.4366607042268)
(-648.2638200063545, 302.8937612162471)
(-649.5984544938674, 307.11740992549574)
(-650.7521887528006, 311.1088430428028)
(-651.8019195668187, 314.8692967789982)
(-652.8245437195875, 318.4000073449124)
(-653.8914198394106, 321.7227330378836)
(-655.0427168977259, 324.9748079733062)
(-656.3076945699231, 328.33399155309337)
(-657.7156010094591, 331.9780858746179)
(-659.2956843697915, 336.08489303525215)
(-661.0771928043773, 340.8322151323689)
(-663.0892663926389, 346.39742467349396)
(-665.3261454543432, 352.8191690564116)
(-667.6972808174829, 359.7990609351787)
(-670.0994948071437, 366.9885151840099)
(-672.4296097484106, 374.03894667711984)
(-674.5844479663692, 380.6017702887232)
(-676.4608317861046, 386.3284008930346)
(-677.9590420124484, 390.88162442507826)
(-679.0797406740396, 394.2542680761024)
(-679.9371242042172, 396.8124463527562)
(-680.6514906612133, 398.94233516230264)
(-681.3431381032605, 401.03011041200466)
(-682.1323645885914, 403.46194800912497)
(-683.139468175438, 406.62402386092674)
(-684.4743980930002, 410.86339113685216)
(-686.1526485017091, 416.17002484034305)
(-688.1391571446771, 422.34277637490067)
(-690.3983830450982, 429.178687390111)
(-692.8947852261655, 436.4747995355589)
(-695.5928227110732, 444.0281544608293)
(-698.4569543631243, 451.63579395431896)
(-701.426462715702, 459.1166170428371)
(-704.3454647024543, 466.3721423092877)
(-707.0355953987959, 473.32340632577046)
(-709.3184898801412, 479.89144566438506)
(-711.0157832219049, 485.99729689723097)
(-711.9491104995018, 491.56199659640805)
(-711.9418415114628, 496.50713277312946)
(-710.9495361082513, 500.7963144184253)
(-709.1506880836442, 504.4640174501146)
(-706.7452436069104, 507.55153713304264)
(-703.9331488473191, 510.10016873205495)
(-700.9143499741393, 512.1512075119969)
(-697.8887931566401, 513.7459487377138)
(-695.0465738450825, 514.9228441236985)
(-692.4212063249811, 515.6751460009423)
(-689.9207908219845, 515.9599041456935)
(-687.44990668443, 515.7331519828143)
(-684.9131332606545, 514.9509229371666)
(-682.2150498989952, 513.5692504336128)
(-679.2602359477889, 511.54416789701463)
(-675.9681444581599, 508.8492793803689)
(-672.3470029531895, 505.5630601484312)
(-668.437835794557, 501.80272908368624)
(-664.281719757027, 497.6855669853343)
(-659.9197316153634, 493.3288546525757)
(-655.3929481443311, 488.84987288461076)
(-650.7424388859247, 484.36580103460625)
(-646.0060958656711, 479.94925095438947)
(-641.2136644684177, 475.5585705972835)
(-636.39360280152, 471.1340527021274)
(-631.5743689723333, 466.61599000775976)
(-626.7844210882126, 461.94467525301985)
(-622.0522172565135, 457.0604011767465)
(-617.4061983273165, 451.9051556829856)
(-612.8742515506163, 446.4753062715444)
(-608.4836063561132, 440.8318374871777)
(-604.2614538775921, 435.03949564505103)
(-600.2349852488373, 429.1630270603301)
(-596.4313916036336, 423.2671780481805)
(-592.8778640757658, 417.4166949237678)
(-589.5985283292996, 411.6751531571679)
(-586.5876730392409, 406.0947320882248)
(-583.8227750652186, 400.7211898446058)
(-581.2811227196921, 395.60021253906757)
(-578.9400043151206, 390.77748628436706)
(-576.7767081639632, 386.2986971932603)
(-574.7685225786792, 382.2095313785042)
(-572.8854873204958, 378.5214475035044)
(-571.0686479457114, 375.1089944342618)
(-569.251801459393, 371.8124935874261)
(-567.3687448666069, 368.4722663796473)
(-565.3532751724197, 364.9286342275751)
(-563.139189381898, 361.0219185478593)
(-560.660815708642, 356.5936297100919)
(-557.8998475948251, 351.5912911169916)
(-554.9220405410665, 346.1505741873456)
(-551.8017866330684, 340.42648077722816)
(-548.6134779565331, 334.57401274271353)
(-545.4315065971626, 328.7481719398761)
(-542.3302646406596, 323.10396022479006)
(-539.3794327540846, 317.7888285349227)
(-536.5677621705189, 312.82052344151646)
(-533.8158965531507, 308.1076365550833)
(-531.042356460331, 303.55535681847977)
(-528.165662450411, 299.0688731745625)
(-525.1043350817417, 294.5533745661881)
(-521.7768949126738, 289.9140499362132)
(-518.1179807890953, 285.07280966186664)
(-514.1642374551224, 280.05738708258286)
(-509.9920960446701, 274.936790735575)
(-505.6780782547623, 269.78012311003965)
(-501.2987057824226, 264.6564866951727)
(-496.93050032467465, 259.6349839801703)
(-492.6499603581642, 254.7847096052589)
(-488.51905449589816, 250.1698468150738)
(-484.5604219207508, 245.8412846902758)
(-480.7901123733655, 241.84768494323643)
(-477.22417559438566, 238.23770928632695)
(-473.8786613244546, 235.06001943191882)
(-470.7696193042155, 232.36327709238338)
(-467.9116053063487, 230.1942989819107)
(-465.2659597907137, 228.5341827646146)
(-462.7275831731044, 227.28197497399393)
(-460.18719604215613, 226.33156020319998)
(-457.5355189865043, 225.57682304538406)
(-454.6632725947841, 224.91164809369744)
(-451.46117745563083, 224.2299199412915)
(-447.83234486071376, 223.43296872914848)
(-443.8086507827401, 222.49949902882094)
(-439.49832300348, 221.4540950560434)
(-435.01059126548824, 220.3219431027141)
(-430.4546853113197, 219.12822946073118)
(-425.939834883529, 217.89814042199288)
(-421.57526972467133, 216.65686227839745)
(-417.4324979382164, 215.4349507486709)
(-413.42335210752407, 214.28569030994558)
(-409.41742220322755, 213.2683783969973)
(-405.28429792768446, 212.442312482789)
(-400.8935689832529, 211.86679004028358)
(-396.11482507229056, 211.60110854244408)
(-390.8185895117023, 211.70429971037592)
(-384.9739823234551, 212.20732987395522)
(-378.73433275657317, 213.0887305071251)
(-372.2731526698857, 214.321288136877)
(-365.76395392222213, 215.87778929020226)
(-359.3802483724116, 217.73102049409215)
(-353.29554787928345, 219.85376827553804)
(-347.6757818150094, 222.21980005042198)
(-342.54579039537543, 224.821134870579)
(-337.80567013207747, 227.66592893638776)
(-333.35121968550305, 230.76289442871092)
(-329.07823771603984, 234.1207435284113)
(-324.8825228840754, 237.74818841635155)
(-320.6598738499974, 241.6539412733943)
(-316.3242801459543, 245.84101733779644)
(-311.9118672993794, 250.27418179776743)
(-307.5090325965223, 254.9024559382867)
(-303.2023290001152, 259.6748122902111)
(-299.0783094728898, 264.5402233843983)
(-295.2235269775786, 269.447661751705)
(-291.72449864961095, 274.3461007469247)
(-288.6338193056091, 279.18529385142847)
(-285.9070999165855, 283.91722492700393)
(-283.4827306291364, 288.4942738703587)
(-281.29910158985825, 292.8688205782005)
(-279.294602945347, 296.9932449472371)
(-277.40762484219886, 300.819926874176)
(-275.57705159135554, 304.3029466075625)
(-273.7614134846046, 307.46398352557065)
(-271.94501638542664, 310.41340721867516)
(-270.1139146485301, 313.26760359621557)
(-268.25416262862365, 316.14295856753125)
(-266.35181468041577, 319.1558580419619)
(-264.39292515861507, 322.4226879288469)
(-262.36236226579285, 326.0509654009033)
(-260.2318161346134, 330.04967656765035)
(-257.96475630615015, 334.3663430270886)
(-255.52452741652408, 338.94755247583373)
(-252.87447410185632, 343.73989261050133)
(-249.97794099826788, 348.68995112770693)
(-246.79827274187986, 353.74431572406615)
(-243.31244526928302, 358.8416716294606)
(-239.55850104967726, 363.8853020045724)
(-235.59157606391284, 368.7685803974622)
(-231.46680711492573, 373.38487987960315)
(-227.23933100565176, 377.62757352246854)
(-222.96428453902675, 381.39003439753156)
(-218.6966456458086, 384.5660984517939)
(-214.47123797959225, 387.1083213012205)
(-210.28323172524432, 389.08478930188403)
(-206.123169020577, 390.577072666846)
(-201.98159200340243, 391.6667416091679)
(-197.84904281153297, 392.43536634191133)
(-193.7160635827807, 392.9645170781377)
(-189.57265963180254, 393.33355797898207)
(-185.39798749105483, 393.5772705965085)
(-181.16112720543939, 393.6890275857133)
(-176.83077671973945, 393.6606313774054)
(-172.37563397873828, 393.4838844023944)
(-167.76439692721902, 393.15058909148934)
(-162.96576350996506, 392.65254787549964)
(-157.95729767075358, 391.9699173503231)
(-152.77975819856883, 390.99984522193614)
(-147.50134112005304, 389.603439316274)
(-142.19035397402962, 387.6416609836795)
(-136.91510429932208, 384.9754715744957)
(-131.74389963475406, 381.4658324390657)
(-126.74504538462608, 376.97377643376774)
(-121.98352372380658, 371.471663875837)
(-117.51427717775829, 365.2681811469024)
(-113.39035978310744, 358.7352785925369)
(-109.66482557648027, 352.2449065583131)
(-106.39072859450307, 346.16901538980414)
(-103.62112287380208, 340.8795554325826)
(-101.40708010736196, 336.7415510358807)
(-99.71120569068162, 333.81093924448885)
(-98.37411456507252, 331.7174416773901)
(-97.22751673641517, 330.0596675122566)
(-96.10312221059013, 328.43622592675996)
(-94.8326409934779, 326.4457260985721)
(-93.24778309095899, 323.6867772053648)
(-91.19577330069434, 319.79592244423515)
(-88.70837541495301, 314.86090705902865)
(-85.93842577593426, 309.265501436946)
(-83.04087109938052, 303.39863587658834)
(-80.1706581010342, 297.64924067655676)
(-77.48273349663769, 292.40624613545236)
(-75.13204400193344, 288.0585825518762)
(-73.239618635691, 284.90879125464903)
(-71.76565493849108, 282.84977297346313)
(-70.62272783363181, 281.6531327955451)
(-69.7234049181888, 281.09045714810406)
(-68.9802537892377, 280.9333324583491)
(-68.30584204385414, 280.9533451534894)
(-67.61283593235396, 280.92254165216946)
(-66.82918570672179, 280.6842332382771)
(-65.91452141232568, 280.2294448805925)
(-64.83240786303212, 279.56754823176027)
(-63.54640987270754, 278.7079149444253)
(-62.02009225521846, 277.659916671232)
(-60.217019824431326, 276.4329250648252)
(-58.10131463304427, 275.0400008683643)
(-55.649364839233115, 273.5754101732335)
(-52.849526510410215, 272.21265026924823)
(-49.69065330224711, 271.1285126318099)
(-46.161598870415325, 270.4997887363196)
(-42.25121687058641, 270.5032700581788)
(-37.9483609584319, 271.3157480727886)
(-33.252630801861635, 273.089074005381)
(-28.244999030992208, 275.7862418577409)
(-23.043688449558655, 279.2837922917265)
(-17.76711491472287, 283.4578179145453)
(-12.53369428364674, 288.1844113334045)
(-7.461842413492159, 293.3396651555115)
(-2.669969365405364, 298.7996698742616)
(1.740263201757664, 304.43440782574896)
(5.720681072831195, 310.09435442749776)
(9.233764648983323, 315.6260993489209)
(12.24199433138242, 320.87623225943184)
(14.70785052119684, 325.6913428284437)
(16.593813619594968, 329.91802072536984)
(17.86321157374638, 333.4061338228693)
(18.522103279614036, 336.1708280255106)
(18.638490160105547, 338.46683528109276)
(18.28523031519982, 340.56767256444147)
(17.535181844875684, 342.74685685038287)
(16.461202849112198, 345.27790511374224)
(15.13615142788819, 348.43433432934546)
(13.630183742078666, 352.46662561235854)
(11.978995161101096, 357.33145850605484)
(10.194508334920654, 362.7828340298725)
(8.288174394057165, 368.5707331808222)
(6.271444469029576, 374.4451369559167)
(4.155769690357765, 380.1560263521664)
(1.9526011885606296, 385.4533823665844)
(-0.32473121820731937, 390.13441860555565)
(-2.6534664759874675, 394.23346200314575)
(-5.007890349279447, 397.85908625352585)
(-7.362287580594782, 401.11989074498445)
(-9.690942912443887, 404.12447486580874)
(-11.968141087338282, 406.9814380042869)
(-14.168263736006013, 409.79927321879774)
(-16.284387329182017, 412.6659569282866)
(-18.35042719448283, 415.6246469760207)
(-20.405691788201114, 418.7125825198762)
(-22.48948956662858, 421.9670027177279)
(-24.6411289860579, 425.4251467274521)
(-26.899918502780743, 429.1242537069235)
(-29.303699245227467, 433.09947903394163)
(-31.855020418528603, 437.3358593578755)
(-34.52025995970751, 441.76706382545603)
(-37.26415257556815, 446.32442800106895)
(-40.051432972915364, 450.93928744910187)
(-42.84683585855408, 455.5429777339422)
(-45.61509593928819, 460.0668344199759)
(-48.324157557015326, 464.44982324837105)
(-50.967806618797425, 468.69234239881337)
(-53.552296364433666, 472.8244282964647)
(-56.08396050628386, 476.87630867168156)
(-58.569132756709074, 480.87821125482276)
(-61.01414682806916, 484.8603637762448)
(-63.42533685192381, 488.8529946198836)
(-65.81176187534187, 492.89058061420303)
(-68.19168355151778, 497.0219464680007)
(-70.5853042681913, 501.2989427097855)
(-73.01282641310333, 505.7734198680684)
(-75.49445237399367, 510.4972284713585)
(-78.05038453860327, 515.5222190481669)
(-80.70080485489913, 520.8993894028443)
(-83.46472263702351, 526.6308163852003)
(-86.35935986856697, 532.6440114396537)
(-89.40178826644532, 538.8602170551621)
(-92.60907954757296, 545.2006757206801)
(-95.99830542886579, 551.5866299251651)
(-99.58653762723812, 557.9393221575718)
(-103.38722086820735, 564.183438387625)
(-107.36411301190078, 570.2908375023552)
(-111.44493948423856, 576.2675877321736)
(-115.55661830008292, 582.1205238669173)
(-119.62606747429464, 587.8564806964222)
(-123.58020502173645, 593.4822930105261)
(-127.34594895726919, 599.0047955990649)
(-130.8651554876345, 604.4335709292986)
(-134.1590957498209, 609.7928087658458)
(-137.27532805708765, 615.1115340422231)
(-140.2614276070421, 620.4187747975908)
(-143.16496959729307, 625.743559071112)
(-146.03352922544786, 631.1149149019471)
(-148.9146430119973, 636.5618438750455)
(-151.84633108857602, 642.1068385953935)
(-154.8446949546274, 647.7573998533472)
(-157.922761007972, 653.5189251440776)
(-161.0935556464317, 659.3968119627584)
(-164.37010526782703, 665.3964578045606)
(-167.7654362699799, 671.5232601646579)
(-171.29164536871963, 677.781677340323)
(-174.936312331155, 684.1513997329893)
(-178.66062091730515, 690.5854515564807)
(-182.4244487509308, 697.035537519199)
(-186.1876734557908, 703.4533623295424)
(-189.91017265564525, 709.7906306959118)
(-193.55182397425455, 715.9990473267079)
(-197.07332483850644, 722.0257189073823)
(-200.44239681254638, 727.7783559035565)
(-203.6303315494318, 733.144645253044)
(-206.60844884452587, 738.0121160521538)
(-209.34806849319034, 742.2682973971934)
(-211.82051029078832, 745.8007183844712)
(-213.99709492538605, 748.4969103883827)
(-215.867704977733, 750.291772778591)
(-217.48853534917518, 751.2894269832001)
(-218.93058320882022, 751.6317682587288)
(-220.26484572577522, 751.4606918616975)
(-221.5623200691477, 750.9180930486249)
(-222.89400340804477, 750.1458670760306)
(-224.33076982238492, 749.2845950863323)
(-225.9353923045373, 748.3883700952025)
(-227.757657348655, 747.372639794831)
(-229.84618254003442, 746.140372474284)
(-232.24958546397312, 744.5945364226268)
(-235.01648370576743, 742.6380999289256)
(-238.1954948507149, 740.1740312822457)
(-241.82833413714022, 737.1173113745565)
(-245.85496511233933, 733.5600061768693)
(-250.13779681591575, 729.7291548089039)
(-254.53728752345765, 725.8551914317443)
(-258.9138955105532, 722.1685502064752)
(-263.12807905278896, 718.899665294182)
(-267.04029642575364, 716.278970855949)
(-270.53654831424495, 714.4912322914814)
(-273.6466845598479, 713.464018713255)
(-276.4508695377251, 713.0349389481286)
(-279.0293207631, 713.0415068107532)
(-281.46225575119473, 713.3212361157798)
(-283.82989201723257, 713.7116406778592)
(-286.2123467612013, 714.050423365236)
(-288.65734293066936, 714.236337093596)
(-291.133901148997, 714.3164567884767)
(-293.5993201562167, 714.3599483785987)
(-296.01089869235983, 714.435977792682)
(-298.32593549745906, 714.6137109594471)
(-300.5017293115458, 714.9623138076144)
(-302.4974567893567, 715.5507970035181)
(-304.3268004350272, 716.4436647744071)
(-306.06509062795953, 717.700324419444)
(-307.79097085965833, 719.3799093160372)
(-309.58308462162887, 721.541552841596)
(-311.52007540537585, 724.2443883735278)
(-313.68058670240487, 727.5475492892424)
(-316.1284691077868, 731.5002043216824)
(-318.7925565837486, 736.0605736360625)
(-321.5294163806927, 741.1381978105247)
(-324.1949314538059, 746.6421564750401)
(-326.6449847582769, 752.4815292595829)
(-328.7354592492928, 758.565395794124)
(-330.3222382142204, 764.8028356596759)
(-331.3135098144994, 771.0952189554318)
(-331.8151727089286, 777.3147742232981)
(-331.97983255321856, 783.32684562299)
(-331.9600950030795, 788.9967773142267)
(-331.9085657142219, 794.1899134567238)
(-331.97785034235613, 798.7715982101997)
(-332.31875792462927, 802.6089110787315)
(-332.94519086511576, 805.7011689586469)
(-333.6401632738734, 808.2707025273888)
(-334.16447145820484, 810.5613025204856)
(-334.2789117254124, 812.8167596734646)
(-333.7442803827986, 815.2808647218542)
(-332.3213737376661, 818.1974084011819)
(-329.7848205306272, 821.7953792422236)
(-326.129121627088, 826.0684787414657)
(-321.5248849987334, 830.8219546803433)
(-316.1476626523573, 835.8557641861931)
(-310.17300659475256, 840.9698643863529)
(-303.77646883271115, 845.9642124081605)
(-297.1336013730277, 850.6387653789526)
(-290.4112665332784, 854.8172545398069)
(-283.7244617670855, 858.4653081714105)
(-277.16902357408463, 861.6009769930535)
(-270.84075783252695, 864.2423955010544)
(-264.83547042066044, 866.4076981917337)
(-259.2489672167361, 868.1150195614102)
(-254.17692700183937, 869.3825044171518)
(-249.65919194360401, 870.2328273072853)
(-245.5924481219095, 870.7002763074834)
(-241.85076105228708, 870.8209745850775)
(-238.30819625026595, 870.6310453073995)
(-234.83881923137716, 870.1666116417812)
(-231.31669551115007, 869.4637967555545)
(-227.61859413653207, 868.5584005512493)
(-223.70801136249383, 867.4758528452337)
(-219.65149783087253, 866.2292611054982)
(-215.52160363679837, 864.8310154375234)
(-211.39087887540367, 863.2935059467908)
(-207.3318736418186, 861.6291227387804)
(-203.41713803117534, 859.8502559189741)
(-199.7091762624439, 857.9664908556531)
(-196.17271351105123, 855.9601137033393)
(-192.71738081325006, 853.7980287246098)
(-189.25219131580403, 851.4469676716893)
(-185.68615816547813, 848.8736622968033)
(-181.9282945090355, 846.044844352176)
(-177.8876134932412, 842.9272455900331)
(-173.5051127277062, 839.4945063314586)
(-168.84972767343507, 835.7479011729766)
(-164.0223782542782, 831.6956132799695)
(-159.12398439408818, 827.3458258178215)
(-154.25546601671533, 822.7067219519145)
(-149.51774304601219, 817.7864848476329)
(-145.01118960944174, 812.5935698214892)
(-140.78751387936887, 807.1606985556316)
(-136.8120534883077, 801.5636597817612)
(-133.0412723089606, 795.882666965458)
(-129.4316342140281, 790.1979335722999)
(-125.93960307621242, 784.589673067867)
(-122.5216427682142, 779.138098917737)
(-119.13444954678081, 773.917613144719)
(-115.7387113982566, 768.9027928972293)
(-112.29847561831737, 763.9842059679407)
(-108.77789422177352, 759.04980134122)
(-105.14111922343706, 753.9875280014362)
(-101.35230263811835, 748.6853349329559)
(-97.37559648062945, 743.0311711201485)
(-93.1941829411413, 736.9491954518135)
(-88.91167822780882, 730.5927241523535)
(-84.67867264408922, 724.2044539941422)
(-80.64586341744089, 718.027285200536)
(-76.96394777532413, 712.3041179948945)
(-73.78362294519745, 707.2778526005741)
(-71.25543512938142, 703.1911694045021)
(-69.43542842044047, 700.1491888703982)
(-68.12384863125328, 697.8846843069703)
(-67.07808389836887, 696.0680441864395)
(-66.05552235833696, 694.3696569810288)
(-64.81355214770666, 692.4599111629594)
(-63.10956140302771, 690.0091952044538)
(-60.70622191650923, 686.6943520996032)
(-57.55440991027792, 682.4221356631539)
(-53.83997740485432, 677.3863465060748)
(-49.76355904526954, 671.7988437161428)
(-45.525789476552916, 665.8714863811315)
(-41.32730334373569, 659.8161335888178)
(-37.368735291847145, 653.8446444269755)
(-33.83323420214971, 648.1531186999956)
(-30.722236200120367, 642.7738851096111)
(-27.929429715813423, 637.6421632756319)
(-25.34708921192776, 632.6918984604794)
(-22.867489151162374, 627.8570359265741)
(-20.382903996217124, 623.0715209363391)
(-17.78560820979067, 618.2692987521947)
(-14.985292867291568, 613.3862580700111)
(-11.96537348347553, 608.3665141302646)
(-8.728769583092733, 603.1563585291924)
(-5.278400814758316, 597.7020828768518)
(-1.6171868270889997, 591.9499787833026)
(2.2519527313001797, 585.8463378586017)
(6.3256744474009245, 579.3383977991534)
(10.555882207144899, 572.4733101218878)
(14.810867969814543, 565.4848963510203)
(18.94976287839027, 558.6274302322909)
(22.831698075850515, 552.1551855114424)
(26.315804705175612, 546.3224359342153)
(29.261213909344146, 541.3834552463525)
(31.536767209151403, 537.5757788473635)
(33.19198946530122, 534.8254876950103)
(34.43615636319099, 532.7832909061947)
(35.48404755569931, 531.0904100871256)
(36.55044269570539, 529.3880668440115)
(37.85012143608787, 527.3174827830616)
(39.597863429726, 524.519879510484)
(41.97563730708385, 520.69121436077)
(44.94511401682384, 515.8949478171987)
(48.37728892993417, 510.3458064137894)
(52.14287662247147, 504.25898510992397)
(56.112591670494105, 497.84967886498174)
(60.157148650058595, 491.33308263834505)
(64.14728220716412, 484.9243559321868)
(67.97272978380585, 478.80508634821024)
(71.57755777996589, 473.06087948786285)
(74.91547945423594, 467.76029801969105)
(77.94020806520929, 462.9719046122389)
(80.60545687147778, 458.76426193405257)
(82.86493913163456, 455.2059326536763)
(84.67452042957167, 452.36234742816845)
(86.07563412036912, 450.1744207727498)
(87.2219786701259, 448.41970174047106)
(88.27486807192912, 446.86465745452244)
(89.39561631886535, 445.2757550380949)
(90.74553740402168, 443.4194616143788)
(92.48594532048459, 441.06224430656516)
(94.76185898589974, 437.99146806945504)
(97.53726013341755, 434.2266713516458)
(100.66319796759976, 429.9322243930527)
(103.98900577853395, 425.2746980304443)
(107.36401685630922, 420.42066310058703)
(110.63756449101307, 415.53669044024986)
(113.65898197273421, 410.78935088619966)
(116.31109230932194, 406.3137143291245)
(118.62674828357137, 402.10373033482375)
(120.68079844251325, 398.1138466042493)
(122.5480933528963, 394.298508938576)
(124.30348358147013, 390.61216313897665)
(126.02181969498349, 387.00925500662623)
(127.77785432106091, 383.44419837685683)
(129.63391568237637, 379.8673519481906)
(131.62788702899903, 376.2210959518753)
(133.79479858231906, 372.44687943399185)
(136.16968056372778, 368.48615144061944)
(138.78756319461522, 364.28036101783914)
(141.68347669637282, 359.7709572117298)
(144.88984016130576, 354.90231078755767)
(148.3863037755039, 349.6778382033354)
(152.10350529057823, 344.1557983111024)
(155.97022390803448, 338.39652958490166)
(159.91523882937645, 332.46037049877833)
(163.86732925610985, 326.40765952677515)
(167.75527438973856, 320.2987351429376)
(171.51631940194673, 314.189344334764)
(175.14805299426786, 308.1025070071529)
(178.67426315338759, 302.0470339829107)
(182.11884434680704, 296.0316783353809)
(185.5056910420258, 290.06519313790886)
(188.8586977065453, 284.15633146383743)
(192.2017589307819, 278.31383980255885)
(195.558960673582, 272.53621411303567)
(198.95496702779158, 266.790982967301)
(202.41455083503638, 261.039849876952)
(205.96248493694065, 255.2445183535891)
(209.62354217513018, 249.36669190880932)
(213.42249539122923, 243.36807405421285)
(217.38250085475642, 237.21270113111316)
(221.45457186973016, 230.96871696417347)
(225.49024031755326, 224.847824219542)
(229.33377623564965, 219.07220492605865)
(232.82944966144507, 213.86404111256059)
(235.82153063236362, 209.4455148078875)
(238.15428918583078, 206.03880804087677)
(239.69277922550845, 203.83478803244165)
(240.54926607973266, 202.6518514442483)
(240.9982058247652, 202.0640240369648)
(241.31688162743137, 201.6410720270065)
(241.7825766545563, 200.9527616307888)
(242.6725740729653, 199.56885906472706)
(244.26415704948334, 197.059130545237)
(246.7559936631449, 193.1165113816102)
(249.97397371185698, 188.01798205844392)
(253.6336063789017, 182.2134603495576)
(257.45038386670365, 176.1528906332922)
(261.1397983776856, 170.28621728799138)
(264.4173421142723, 165.0633846919961)
(266.9994423865448, 160.9328632450653)
(268.74739946551324, 158.11476499695775)
(269.82279790430516, 156.35587403646812)
(270.4245188734713, 155.34418505538568)
(270.751443543562, 154.76769274550045)
(271.0024530851281, 154.31439179860197)
(271.37642866872005, 153.67227690648002)
(272.0678995211638, 152.53647180716595)
(273.1755986007419, 150.759026906735)
(274.70479146084585, 148.34510429967455)
(276.65685757231273, 145.30623198591155)
(279.0331764059805, 141.6539379653718)
(281.8351274326858, 137.3997502379824)
(285.06409012326696, 132.55519680366882)
(288.7085366790402, 127.14866083990235)
(292.65920046280587, 121.3361594496344)
(296.76207284192185, 115.33213683193169)
(300.8629133030692, 109.35133999118848)
(304.8074813329267, 103.60851593180179)
(308.44153641817525, 98.31841165816651)
(311.61086073366005, 93.6957406289962)
(314.22679709788713, 89.8582813387058)
(316.4100618072197, 86.61424224901994)
(318.32307803206936, 83.71016594834072)
(320.128268942849, 80.89259502506879)
(321.9880577099704, 77.90807206760621)
(324.06486750384636, 74.50313966435358)
(326.5191861571491, 70.42767292237585)
(329.4139270726944, 65.59956341524868)
(332.6705603453146, 60.180258378148274)
(336.1994660400265, 54.35030131589732)
(339.9110242218449, 48.2902357333211)
(343.7156149557868, 42.18060513524212)
(347.52361830686704, 36.20195302648576)
(351.24929447800844, 30.52467286207403)
(354.8563913245463, 25.189703384678023)
(358.3427956762106, 20.148679219786942)
(361.7070714914165, 15.351463692475658)
(364.9477827285806, 10.74792012781671)
(368.06349334611804, 6.287911850884868)
(371.0527673024454, 1.9213021867527376)
(373.9178559274603, -2.39762116627379)
(376.6795215953207, -6.692359629026518)
(379.3643230016126, -10.979459779435961)
(381.99882084782, -15.275465788614843)
(384.6095758354269, -19.59692182767587)
(387.22314866591637, -23.960372067730237)
(389.86603729607754, -28.382300372365545)
(392.5526329264123, -32.867554107247024)
(395.27087956198847, -37.39556072147494)
(398.0052286241183, -41.94239074156385)
(400.74013153411545, -46.484114694030445)
(403.4600397132922, -50.99680310538927)
(406.14940458296235, -55.45652650215702)
(408.79389486447496, -59.84086946286922)
(411.4084575752142, -64.16383229097778)
(414.03804753595244, -68.47673836065557)
(416.72898279667504, -72.83260660171764)
(419.5275814073662, -77.28445594397692)
(422.4801614180112, -81.88530531724847)
(425.63304087859416, -86.68817365134514)
(429.02247716731574, -91.73489736042055)
(432.6037267080441, -96.97727966205957)
(436.2929667960013, -102.3236870156004)
(440.00612248339235, -107.68220551028745)
(443.65911882242403, -112.96092123536759)
(447.1678808653017, -118.0679202800853)
(450.4483375197959, -122.9112919092338)
(453.44148000457693, -127.41976738359644)
(456.172940172088, -131.59179027540117)
(458.6861997098948, -135.44050576306566)
(461.0247403055621, -138.97905902500565)
(463.2320436466552, -142.2205952396386)
(465.3515914207388, -145.17825958538046)
(467.42714729768903, -147.86661397898067)
(469.5186523286227, -150.38149889708964)
(471.7107051577409, -152.94263974102844)
(474.08997747306455, -155.78017731952184)
(476.74314096261577, -159.124252441296)
(479.75686731441533, -163.20500591507556)
(483.21782821648566, -168.25257854958699)
(487.19298069110533, -174.46623352954782)
(491.47920669413077, -181.62223542211285)
(495.6775323554101, -189.19009428821528)
(499.384595087707, -196.63244646555225)
(502.19703230378303, -203.41192829181747)
(503.71148141640174, -208.99117610470805)
(503.5245798383253, -212.8328262419181)
(501.3437645937666, -214.52125019226386)
(497.46550941808323, -214.2879920483954)
(492.3812653866161, -212.57881683422173)
(486.58260880936723, -209.83962716854057)
(480.5611159963368, -206.51632567014903)
(474.80836325752506, -203.05481495784397)
(469.81508569058724, -199.90033576425415)
(465.86504061880566, -197.33527371570062)
(462.7652635986573, -195.26691825125437)
(460.2559079165355, -193.5499342263199)
(458.0771268588349, -192.03898649630273)
(455.969073711949, -190.58873991660764)
(453.6719017622724, -189.05385934263998)
(450.9327981396968, -187.29162558945978)
(447.6844417681087, -185.22830580223138)
(444.0592200573238, -182.8644407920218)
(440.1994024608378, -180.20424660486572)
(436.24725843214463, -177.25193928679658)
(432.34505742474016, -174.01173488384907)
(428.63506889211817, -170.48784944205653)
(425.2419690721455, -166.68785080395352)
(422.13969415670886, -162.64802526634202)
(419.22556518236064, -158.4192555713202)
(416.3962992435464, -154.05253952187363)
(413.5486134347131, -149.5988749209898)
(410.5792248503064, -145.10925957165423)
(407.38485225052864, -140.63469087819763)
(403.89685023634735, -136.217877022976)
(400.1703098733508, -131.87191296116376)
(396.28794273964235, -127.6032833692691)
(392.3324604133258, -123.4184729238004)
(388.3865744725059, -119.32396630126742)
(384.5329964952858, -115.32624817817803)
(380.8537258100542, -111.43138541929085)
(377.38388518887854, -107.61794670208509)
(374.08345165192753, -103.82041956581175)
(370.90563838408355, -99.96932382632099)
(367.8036585702305, -95.99517929946477)
(364.7307253952507, -91.82850580109326)
(361.64005204402804, -87.3998231470585)
(358.4874135720984, -82.64495371425272)
(355.26635112706265, -77.57788815408021)
(351.99919093761093, -72.27219649186044)
(348.70898327675013, -66.80294738016796)
(345.4187784174853, -61.24520947157476)
(342.15162663282337, -55.674051418655424)
(338.9305781957696, -50.16454187398191)
(335.7707141707936, -44.77727156490675)
(332.6422348157473, -39.491294770201705)
(329.49964229958283, -34.25714653035294)
(326.2974222116008, -29.02533176504387)
(322.990060141103, -23.74635539396035)
(319.53204167739034, -18.370722336786418)
(315.8779108897004, -12.849024612994308)
(312.00109645481825, -7.159980902353551)
(307.9209074880187, -1.3506440294890683)
(303.66348651327985, 4.521755528895147)
(299.2549760545778, 10.39998729609787)
(294.7215186358908, 16.22682079541509)
(290.0892567811949, 21.94502555014558)
(285.38579528978465, 27.496986044192138)
(280.68118101543257, 32.813911121195694)
(276.0934641456725, 37.81436961487589)
(271.7432746881096, 42.41625105298255)
(267.75124265035095, 46.5374449632632)
(264.23799804000174, 50.095840873467395)
(261.32417086466893, 53.009328311342934)
(259.10886297654747, 55.20736238460689)
(257.49468603620727, 56.724958709101)
(256.2790816984529, 57.65363342701062)
(255.25849576080205, 58.085437685349156)
(254.22937402077193, 58.112422631130386)
(252.98816227588011, 57.82663941136793)
(251.33130657189892, 57.320139080708074)
(249.09434321216887, 56.670428538842955)
(246.26056823375512, 55.90003831546736)
(242.84818433532735, 55.01851135905057)
(238.87539421555434, 54.03539061806162)
(234.36040057310444, 52.9602190409695)
(229.3214061066478, 51.802539576243554)
(223.77710466472368, 50.57189934103586)
(217.78361689119282, 49.27816311613583)
(211.46018242369567, 47.93173141105127)
(204.9321146826974, 46.543056287124635)
(198.3247270886603, 45.122589805697736)
(191.76333306204964, 43.68078402811305)
(185.37324602332768, 42.22809101571237)
(179.27277228057824, 40.77502998194535)
(173.46883725513496, 39.333187550177435)
(167.87915557966136, 37.91500528831035)
(162.41893738100646, 36.53294876597841)
(157.00339278602203, 35.19948355281664)
(151.54773192155716, 33.92707521845937)
(145.96716491446358, 32.7281893325416)
(140.1904719446499, 31.61098833201706)
(134.2274267624969, 30.557951181676923)
(128.11772538093766, 29.542068345027815)
(121.90111163209335, 28.536315121870647)
(115.61732934808205, 27.513666812005848)
(109.30612236102489, 26.447098715234326)
(103.00722619863221, 25.309609989190214)
(96.75672807735651, 24.08468106907394)
(90.5813615309178, 22.78266469838156)
(84.50638208685807, 21.418159802441814)
(78.55704527272147, 20.00576530658394)
(72.7586066160494, 18.560080136136506)
(67.13632164438593, 17.09570321642877)
(61.71505424020889, 15.627221257812593)
(56.507104613650384, 14.168829123584901)
(51.50984407789843, 12.734256061245201)
(46.7197748398136, 11.337204211827753)
(42.13339910625414, 9.991375716366155)
(37.7472190840805, 8.71047271589465)
(33.55773698015102, 7.508197351446854)
(29.561455001326085, 6.398251764056981)
(25.754875354464108, 5.394338094758694)
(22.134500246425382, 4.510158484586152)
(18.696831884068427, 3.759415074573072)
(15.43837247425343, 3.1558100057535556)
(12.355624223839001, 2.713045419161386)
(9.445089339685248, 2.4448234558305906)
